[gd_scene load_steps=7 format=3 uid="uid://ce7uyrofns7ml"]

[ext_resource type="PackedScene" uid="uid://clthdr6beclys" path="res://track/track.tscn" id="1_mn4nu"]
[ext_resource type="PackedScene" uid="uid://p7atvo2gj2c5" path="res://checkpoint/finish/finish.tscn" id="2_7j01r"]
[ext_resource type="PackedScene" uid="uid://w4x7lllpyfuy" path="res://assets/terrain/terrain_track003.blend" id="2_mn4nu"]
[ext_resource type="PackedScene" uid="uid://bnd1qqdentrpd" path="res://checkpoint/checkpoint.tscn" id="2_qu104"]
[ext_resource type="PackedScene" uid="uid://cxcwbirhuxbun" path="res://assets/models/wooden_birdge.blend" id="4_5mkpt"]
[ext_resource type="PackedScene" uid="uid://duba1hy6lraw6" path="res://assets/models/wooden_pillar.blend" id="4_w7cg1"]

[node name="Track" instance=ExtResource("1_mn4nu")]
transform = Transform3D(0.19971, 0, 0.979855, 0, 1, 0, -0.979855, 0, 0.19971, 0, 0, 0)
track_id = 3

[node name="Start" parent="." index="2"]
transform = Transform3D(0.699801, 0, -0.714339, 0, 1, 0, 0.714339, 0, 0.699801, -46.1198, -0.265684, -53.9107)

[node name="Car" parent="." index="3"]
transform = Transform3D(1, 0, 0, 0, 1, 0, 0, 0, 1, 39.4772, 0, -42.6389)

[node name="Checkpoint2" parent="Checkpoints" index="0" instance=ExtResource("2_qu104")]
transform = Transform3D(-0.410672, 0, 0.911784, 0, 1, 0, -0.911784, 0, -0.410672, 20.3299, -0.126095, 68.9361)

[node name="Checkpoint3" parent="Checkpoints" index="1" instance=ExtResource("2_qu104")]
transform = Transform3D(0.972337, 0, -0.233581, 0, 1, 0, 0.233581, 0, 0.972337, 46.6043, 4.23829, 32.5672)

[node name="Checkpoint5" parent="Checkpoints" index="2" instance=ExtResource("2_qu104")]
transform = Transform3D(-0.912371, -0.154646, -0.379031, -0.143992, 0.987965, -0.0564879, 0.383205, 0.00303955, -0.923658, 74.3548, -0.0723088, -51.6055)

[node name="Checkpoint6" parent="Checkpoints" index="3" instance=ExtResource("2_qu104")]
transform = Transform3D(0.313199, 0.0180374, -0.949516, -0.0512308, 0.998685, 0.00207287, 0.948305, 0.0479953, 0.313711, -25.2308, 0.0794177, -75.5888)

[node name="Checkpoint7" parent="Checkpoints" index="4" instance=ExtResource("2_qu104")]
transform = Transform3D(0.944135, 0, -0.329559, 0, 1, 0, 0.329559, 0, 0.944135, -61.5676, 0.0835225, -25.5651)

[node name="Checkpoint8" parent="Checkpoints" index="5" instance=ExtResource("2_qu104")]
transform = Transform3D(0.977948, 0, 0.208851, 0, 1, 0, -0.208851, 0, 0.977948, -72.0857, -0.105497, 43.2012)

[node name="Checkpoint" parent="Checkpoints" index="6" instance=ExtResource("2_qu104")]
transform = Transform3D(0.269623, 0.041686, 0.962063, -0.298861, 0.953352, 0.0424487, -0.915416, -0.298969, 0.269504, -49.6859, 2.77476, 86.2385)

[node name="Checkpoint4" parent="Checkpoints" index="7" instance=ExtResource("2_qu104")]
transform = Transform3D(-0.936819, 0, 0.349815, 0, 1, 0, -0.349815, 0, -0.936819, -3.12935, -0.112796, 34.0726)

[node name="Finish" parent="Finishes" index="0" instance=ExtResource("2_7j01r")]
transform = Transform3D(-0.99367, 0, 0.112336, 0, 1, 0, -0.112336, 0, -0.99367, 18.4606, 1.33035, -74.6559)

[node name="Terrain" parent="." index="8" instance=ExtResource("2_mn4nu")]

[node name="Bridge" type="Node" parent="." index="9"]

[node name="wooden_birdge" parent="Bridge" index="0" instance=ExtResource("4_5mkpt")]
transform = Transform3D(-0.998024, 0.017317, 0.0603916, 0, 0.961262, -0.275637, -0.0628253, -0.275092, -0.959363, -64.9871, 1.14044, -15.6778)

[node name="wooden_pillar" parent="Bridge" index="1" instance=ExtResource("4_w7cg1")]
transform = Transform3D(0.0628254, 0, 0.998024, 0, 2.24391, 0, -0.998024, 0, 0.0628254, -59.2628, -12.2077, -5.91083)

[node name="wooden_pillar2" parent="Bridge" index="2" instance=ExtResource("4_w7cg1")]
transform = Transform3D(0.0628253, 0, 0.998024, 0, 2.47896, 0, -0.998024, 0, 0.0628253, -71.2885, -14.0652, -6.66784)

[node name="wooden_birdge2" parent="Bridge" index="3" instance=ExtResource("4_5mkpt")]
transform = Transform3D(-0.998025, 0, 0.0628253, 0, 1, 0, -0.0628253, 0, -0.998025, -66.9017, -2.08168, 16.5481)

[node name="wooden_pillar3" parent="Bridge" index="4" instance=ExtResource("4_w7cg1")]
transform = Transform3D(0.0628254, 0, 0.998025, 0, 1.57256, 0, -0.998025, 0, 0.0628254, -72.033, -13.3043, 5.35223)

[node name="wooden_pillar4" parent="Bridge" index="5" instance=ExtResource("4_w7cg1")]
transform = Transform3D(0.0628254, 0, 0.998025, 0, 1.57256, 0, -0.998025, 0, 0.0628254, -60.1183, -13.4803, 6.28747)
