[gd_scene load_steps=42 format=3 uid="uid://ce7uyrofns7ml"]

[ext_resource type="PackedScene" uid="uid://clthdr6beclys" path="res://track/track.tscn" id="1_mn4nu"]
[ext_resource type="PackedScene" uid="uid://p7atvo2gj2c5" path="res://checkpoint/finish/finish.tscn" id="2_7j01r"]
[ext_resource type="PackedScene" uid="uid://w4x7lllpyfuy" path="res://assets/terrain/terrain_track003.blend" id="2_mn4nu"]
[ext_resource type="PackedScene" uid="uid://bnd1qqdentrpd" path="res://checkpoint/checkpoint.tscn" id="2_qu104"]
[ext_resource type="PackedScene" uid="uid://duba1hy6lraw6" path="res://assets/models/wooden_pillar.blend" id="4_w7cg1"]
[ext_resource type="PackedScene" uid="uid://d3i62fw6hlwwb" path="res://assets/models/Desert_plant_001.fbx" id="7_e0rd0"]
[ext_resource type="PackedScene" uid="uid://b6iso4tnup1rv" path="res://assets/models/Desert_plant_002.fbx" id="9_08abp"]
[ext_resource type="PackedScene" uid="uid://b1g5kcpulenk7" path="res://assets/models/Desert_plant_003.fbx" id="10_hbnb1"]
[ext_resource type="PackedScene" uid="uid://cqch1k0015h2" path="res://assets/models/Desert_plant_006.fbx" id="12_6shoj"]
[ext_resource type="PackedScene" uid="uid://celrsr2tyo6xu" path="res://assets/models/dead_tree1.blend" id="12_siero"]
[ext_resource type="PackedScene" uid="uid://c1sbcrg1tc3jx" path="res://assets/models/Desert_plant_007.fbx" id="13_0npag"]
[ext_resource type="PackedScene" uid="uid://glj3n2gyxj2r" path="res://assets/models/Desert_plant_004.fbx" id="13_v1pjo"]
[ext_resource type="PackedScene" uid="uid://bk1o23cvdh87v" path="res://assets/models/Desert_plant_008.fbx" id="14_l45x7"]
[ext_resource type="PackedScene" uid="uid://ck8kymv0k8w48" path="res://assets/models/Desert_plant_009.fbx" id="15_ie14x"]
[ext_resource type="PackedScene" uid="uid://dfts5wcne62bc" path="res://assets/models/Desert_plant_010.fbx" id="16_oxnaw"]
[ext_resource type="PackedScene" uid="uid://c00besqiaof3u" path="res://assets/models/dead_tree4.blend" id="16_yjdcy"]
[ext_resource type="PackedScene" uid="uid://dfudh3l86xshj" path="res://assets/models/Desert_plant_011.fbx" id="17_kfcen"]
[ext_resource type="PackedScene" uid="uid://dst3rpuxl2vya" path="res://assets/models/Desert_plant_012.fbx" id="18_uf1la"]
[ext_resource type="PackedScene" uid="uid://cx4p6flenfm8f" path="res://assets/models/Desert_plant_013.fbx" id="19_ic1si"]
[ext_resource type="PackedScene" uid="uid://c6gbuhwqtqvwl" path="res://assets/models/Desert_plant_014.fbx" id="20_sesbr"]
[ext_resource type="PackedScene" uid="uid://cuj33aj0lrou1" path="res://assets/models/Desert_plant_015.fbx" id="21_a8o0p"]
[ext_resource type="PackedScene" uid="uid://cyr1rwru64oih" path="res://assets/models/Desert_plant_016.fbx" id="22_pgcb2"]
[ext_resource type="PackedScene" uid="uid://dxxubgy6tkt3g" path="res://assets/models/stone3.blend" id="22_yjdcy"]
[ext_resource type="PackedScene" uid="uid://y2bklh6q5rcr" path="res://assets/models/stone6.blend" id="23_kfcen"]
[ext_resource type="PackedScene" uid="uid://b7oacurkc47p4" path="res://assets/models/Desert_plant_017.fbx" id="23_obujn"]
[ext_resource type="PackedScene" uid="uid://d4hn4mopao4pj" path="res://assets/models/Desert_plant_018.fbx" id="24_tqvxf"]
[ext_resource type="PackedScene" uid="uid://cetwhv6xs4w5s" path="res://assets/models/Desert_plant_020.fbx" id="24_uf1la"]
[ext_resource type="PackedScene" uid="uid://xde76opw0agn" path="res://assets/models/stone1.blend" id="25_ic1si"]
[ext_resource type="PackedScene" uid="uid://jnrpmviu137d" path="res://assets/models/Desert_plant_019.fbx" id="25_u8rub"]
[ext_resource type="PackedScene" uid="uid://kitwvubkfsq7" path="res://assets/models/dead_tree3.blend" id="27_sesbr"]
[ext_resource type="PackedScene" uid="uid://ctyrv2yd05ik" path="res://assets/models/dead_tree2.blend" id="28_a8o0p"]
[ext_resource type="PackedScene" uid="uid://cjab21o57b0a6" path="res://assets/models/stone2.blend" id="29_pgcb2"]
[ext_resource type="PackedScene" uid="uid://ck62do0utl8wp" path="res://assets/models/dead_tree5.blend" id="32_obujn"]
[ext_resource type="PackedScene" uid="uid://b4aavbm0gvunq" path="res://assets/models/stone4.blend" id="33_tqvxf"]
[ext_resource type="PackedScene" uid="uid://0kjlkr3tctx4" path="res://booster/booster.tscn" id="35_uf1la"]
[ext_resource type="PackedScene" uid="uid://dnx6ysw7x41nt" path="res://assets/models/Desert_plant_005.fbx" id="37_a8o0p"]
[ext_resource type="PackedScene" uid="uid://jh8g12wsekpk" path="res://assets/models/stone5.blend" id="38_pgcb2"]
[ext_resource type="PackedScene" uid="uid://c4mjgfoeosssl" path="res://assets/models/wooden_bridge.tscn" id="39_pgcb2"]
[ext_resource type="PackedScene" uid="uid://bkmhvg2o6djws" path="res://assets/models/wooden_pillar.tscn" id="40_obujn"]
[ext_resource type="Material" uid="uid://b8bb3a4lwindu" path="res://assets/materials/Water.tres" id="40_tqvxf"]

[sub_resource type="PlaneMesh" id="PlaneMesh_pgcb2"]

[node name="Track" instance=ExtResource("1_mn4nu")]
transform = Transform3D(0.19971, 0, 0.979855, 0, 1, 0, -0.979855, 0, 0.19971, 0, 0, 0)
track_id = 3

[node name="Start" parent="." index="2"]
transform = Transform3D(0.699801, 0, -0.714339, 0, 1, 0, 0.714339, 0, 0.699801, -46.1198, -0.265684, -53.9107)

[node name="Car" parent="." index="3"]
transform = Transform3D(1, 0, 0, 0, 1, 0, 0, 0, 1, 39.4772, 0, -42.6389)
acceleration_force = 250.0

[node name="Checkpoint2" parent="Checkpoints" index="0" instance=ExtResource("2_qu104")]
transform = Transform3D(-0.410672, 0, 0.911784, 0, 1, 0, -0.911784, 0, -0.410672, 20.3299, -0.126095, 68.9361)

[node name="Checkpoint3" parent="Checkpoints" index="1" instance=ExtResource("2_qu104")]
transform = Transform3D(0.972337, 0, -0.233581, 0, 1, 0, 0.233581, 0, 0.972337, 46.6043, 4.23829, 32.5672)

[node name="Checkpoint5" parent="Checkpoints" index="2" instance=ExtResource("2_qu104")]
transform = Transform3D(-0.912371, -0.154646, -0.379031, -0.143992, 0.987965, -0.0564879, 0.383205, 0.00303955, -0.923658, 74.3548, -0.0723088, -51.6055)

[node name="Checkpoint6" parent="Checkpoints" index="3" instance=ExtResource("2_qu104")]
transform = Transform3D(0.313199, 0.0180374, -0.949516, -0.0512308, 0.998685, 0.00207287, 0.948305, 0.0479953, 0.313711, -25.2308, 0.0794177, -75.5888)

[node name="Checkpoint7" parent="Checkpoints" index="4" instance=ExtResource("2_qu104")]
transform = Transform3D(0.995637, 0, -0.0933092, 0, 1, 0, 0.0933092, 0, 0.995637, -63.8852, 0.0835225, -23.4053)

[node name="Checkpoint8" parent="Checkpoints" index="5" instance=ExtResource("2_qu104")]
transform = Transform3D(0.977948, 0, 0.208851, 0, 1, 0, -0.208851, 0, 0.977948, -72.0857, -0.105497, 43.2012)

[node name="Checkpoint" parent="Checkpoints" index="6" instance=ExtResource("2_qu104")]
transform = Transform3D(0.269623, 0.041686, 0.962063, -0.298861, 0.953352, 0.0424487, -0.915416, -0.298969, 0.269504, -49.6859, 2.77476, 86.2385)

[node name="Checkpoint4" parent="Checkpoints" index="7" instance=ExtResource("2_qu104")]
transform = Transform3D(-0.94652, 0, 0.322646, 0, 1, 0, -0.322646, 0, -0.94652, -7.42367, -0.112796, 50.2736)

[node name="Finish" parent="Finishes" index="0" instance=ExtResource("2_7j01r")]
transform = Transform3D(-0.99367, 0, 0.112336, 0, 1, 0, -0.112336, 0, -0.99367, 18.4606, 1.33035, -74.6559)

[node name="Terrain" parent="." index="12" instance=ExtResource("2_mn4nu")]

[node name="LevelObjects" type="Node3D" parent="." index="13"]

[node name="Desert_plant_014" parent="LevelObjects" index="0" instance=ExtResource("20_sesbr")]
transform = Transform3D(0.19971, 0, -0.979855, 0, 1, 0, 0.979855, 0, 0.19971, -51.7234, 0.0057541, -57.8265)

[node name="Desert_plant_016" parent="LevelObjects" index="1" instance=ExtResource("22_pgcb2")]
transform = Transform3D(0.19971, 0, -0.979855, 0, 1, 0, 0.979855, 0, 0.19971, -57.6553, 0.0079727, -53.4294)

[node name="Desert_plant_019" parent="LevelObjects" index="2" instance=ExtResource("25_u8rub")]
transform = Transform3D(0.19971, 0, -0.979855, 0, 1, 0, 0.979855, 0, 0.19971, -53.718, 0.00626497, -55.7389)

[node name="Desert_plant_018" parent="LevelObjects" index="3" instance=ExtResource("24_tqvxf")]
transform = Transform3D(0.19971, 0, -0.979855, 0, 1, 0, 0.979855, 0, 0.19971, -62.2566, 0.00874311, -47.4163)

[node name="Desert_plant_017" parent="LevelObjects" index="4" instance=ExtResource("23_obujn")]
transform = Transform3D(0.19971, 0, -0.979855, 0, 1, 0, 0.979855, 0, 0.19971, -75.8179, 0.00016606, -28.7879)

[node name="Desert_plant_020" parent="LevelObjects" index="5" instance=ExtResource("22_pgcb2")]
transform = Transform3D(0.19971, 0, -0.979855, 0, 1, 0, 0.979855, 0, 0.19971, -67.1707, 0.00379016, -38.0061)

[node name="dead_tree1" parent="LevelObjects" index="6" instance=ExtResource("12_siero")]
transform = Transform3D(0.19971, 0, -0.979855, 0, 1, 0, 0.979855, 0, 0.19971, -55.1283, 0.00813396, -53.6894)

[node name="Desert_plant_004" parent="LevelObjects" index="7" instance=ExtResource("13_v1pjo")]
transform = Transform3D(0.19971, 0, -0.979855, 0, 1, 0, 0.979855, 0, 0.19971, -65.4075, 0.0079141, -44.9112)

[node name="Desert_plant_006" parent="LevelObjects" index="8" instance=ExtResource("12_6shoj")]
transform = Transform3D(0.19971, 0, -0.979855, 0, 1, 0, 0.979855, 0, 0.19971, -65.2616, 0.012459, -48.6787)

[node name="Desert_plant_002" parent="LevelObjects" index="9" instance=ExtResource("9_08abp")]
transform = Transform3D(0.19971, 0, -0.979855, 0, 1, 0, 0.979855, 0, 0.19971, -68.3091, 0.00677972, -41.6973)

[node name="dead_tree4" parent="LevelObjects" index="10" instance=ExtResource("16_yjdcy")]
transform = Transform3D(0.19971, 0, -0.979855, 0, 1, 0, 0.979855, 0, 0.19971, -72.1454, 0.00524307, -35.1801)

[node name="Desert_plant_003" parent="LevelObjects" index="11" instance=ExtResource("9_08abp")]
transform = Transform3D(0.19971, 0, -0.979855, 0, 1, 0, 0.979855, 0, 0.19971, -78.0987, -0.0098505, -28.0582)

[node name="Desert_plant_021" parent="LevelObjects" index="12" instance=ExtResource("24_tqvxf")]
transform = Transform3D(0.19971, 0, -0.979855, 0, 1, 0, 0.979855, 0, 0.19971, -76.1813, 0.00163666, -31.2496)

[node name="Desert_plant_022" parent="LevelObjects" index="13" instance=ExtResource("22_pgcb2")]
transform = Transform3D(0.19971, 0, -0.979855, 0, 1, 0, 0.979855, 0, 0.19971, -75.7674, 0.00309779, -33.5064)

[node name="Desert_plant_007" parent="LevelObjects" index="14" instance=ExtResource("13_0npag")]
transform = Transform3D(0.19971, 0, -0.979855, 0, 1, 0, 0.979855, 0, 0.19971, -78.5256, 0.000934601, -24.6186)

[node name="Desert_plant_008" parent="LevelObjects" index="15" instance=ExtResource("12_6shoj")]
transform = Transform3D(0.19971, 0, -0.979855, 0, 1, 0, 0.979855, 0, 0.19971, -80.2486, 0.0552561, -21.197)

[node name="Desert_plant_009" parent="LevelObjects" index="16" instance=ExtResource("13_0npag")]
transform = Transform3D(0.19971, 0, -0.979855, 0, 1, 0, 0.979855, 0, 0.19971, -80.782, 0.00396555, -16.2922)

[node name="Desert_plant_012" parent="LevelObjects" index="17" instance=ExtResource("18_uf1la")]
transform = Transform3D(0.19971, 0, -0.979855, 0, 1, 0, 0.979855, 0, 0.19971, -81.9436, 0.578408, -9.17738)

[node name="Desert_plant_001" parent="LevelObjects" index="18" instance=ExtResource("7_e0rd0")]
transform = Transform3D(0.19971, 0, -0.979855, 0, 1, 0, 0.979855, 0, 0.19971, -82.6292, 0.144183, -13.2582)

[node name="Desert_plant_010" parent="LevelObjects" index="19" instance=ExtResource("16_oxnaw")]
transform = Transform3D(0.19971, 0, -0.979855, 0, 1, 0, 0.979855, 0, 0.19971, -82.8012, 0.866181, -8.1292)

[node name="Desert_plant_011" parent="LevelObjects" index="20" instance=ExtResource("15_ie14x")]
transform = Transform3D(0.19971, 0.209708, -0.957152, -3.72529e-09, 0.976829, 0.214019, 0.979855, -0.0427418, 0.195083, -82.8031, 0.789234, -10.3861)

[node name="Desert_plant_013" parent="LevelObjects" index="21" instance=ExtResource("12_6shoj")]
transform = Transform3D(0.19971, 0, -0.979855, 0, 1, 0, 0.979855, 0, 0.19971, -61.6554, 0.00949402, -50.0464)

[node name="stone3" parent="LevelObjects" index="22" instance=ExtResource("22_yjdcy")]
transform = Transform3D(0.19971, 0, -0.979855, 0, 1, 0, 0.979855, 0, 0.19971, -73.4427, 0.0764091, -33.2708)

[node name="stone6" parent="LevelObjects" index="23" instance=ExtResource("23_kfcen")]
transform = Transform3D(0.19971, 0, -0.979855, 0, 1, 0, 0.979855, 0, 0.19971, -55.7805, 0.0849757, -52.4908)

[node name="Desert_plant_023" parent="LevelObjects" index="24" instance=ExtResource("24_uf1la")]
transform = Transform3D(0.19971, 0, -0.979855, 0, 1, 0, 0.979855, 0, 0.19971, -60.2413, 0.00779073, -48.5649)

[node name="stone1" parent="LevelObjects" index="25" instance=ExtResource("25_ic1si")]
transform = Transform3D(0.19971, 0.214166, -0.956164, 0, 0.975821, 0.218569, 0.979855, -0.0436504, 0.194881, -81.6601, 0.585737, -11.0342)

[node name="Desert_plant_015" parent="LevelObjects" index="26" instance=ExtResource("14_l45x7")]
transform = Transform3D(0.19971, 0, -0.979855, 0, 1, 0, 0.979855, 0, 0.19971, -79.8663, 0.0937143, -18.8844)

[node name="dead_tree3" parent="LevelObjects" index="27" instance=ExtResource("27_sesbr")]
transform = Transform3D(0.19971, 0, -0.979855, 0, 1, 0, 0.979855, 0, 0.19971, -100.787, 7.12606, -43.0524)

[node name="stone7" parent="LevelObjects" index="28" instance=ExtResource("23_kfcen")]
transform = Transform3D(-0.179008, 0.45531, -0.872152, -5.95182e-09, 0.88647, 0.462786, 0.983848, 0.0828424, -0.158685, -100.135, 7.76941, -45.2259)

[node name="Desert_plant_024" parent="LevelObjects" index="29" instance=ExtResource("24_uf1la")]
transform = Transform3D(0.19971, 0, -0.979855, 0, 1, 0, 0.979855, 0, 0.19971, -63.2579, 0.135471, 13.2983)

[node name="dead_tree2" parent="LevelObjects" index="30" instance=ExtResource("28_a8o0p")]
transform = Transform3D(0.19971, 0, -0.979855, 0, 1, 0, 0.979855, 0, 0.19971, -64.7665, -0.0916119, 11.28)

[node name="stone2" parent="LevelObjects" index="31" instance=ExtResource("29_pgcb2")]
transform = Transform3D(0.19971, 0, -0.979855, 0, 1, 0, 0.979855, 0, 0.19971, -64.4195, 0.0421152, 11.9844)

[node name="Desert_plant_025" parent="LevelObjects" index="32" instance=ExtResource("15_ie14x")]
transform = Transform3D(0.19971, 0, -0.979855, 0, 1, 0, 0.979855, 0, 0.19971, -59.0742, -0.101481, 23.4553)

[node name="Desert_plant_026" parent="LevelObjects" index="33" instance=ExtResource("16_oxnaw")]
transform = Transform3D(0.19971, 0, -0.979855, 0, 1, 0, 0.979855, 0, 0.19971, -61.9232, -0.142919, 19.9848)

[node name="Desert_plant_027" parent="LevelObjects" index="34" instance=ExtResource("23_obujn")]
transform = Transform3D(0.19971, 0, -0.979855, 0, 1, 0, 0.979855, 0, 0.19971, -55.1224, -0.0466048, 28.3475)

[node name="Desert_plant_005" parent="LevelObjects" index="35" instance=ExtResource("7_e0rd0")]
transform = Transform3D(0.19971, 0, -0.979855, 0, 1, 0, 0.979855, 0, 0.19971, -58.2185, -0.0914363, 23.4175)

[node name="Desert_plant_028" parent="LevelObjects" index="36" instance=ExtResource("20_sesbr")]
transform = Transform3D(0.19971, 0, -0.979855, 0, 1, 0, 0.979855, 0, 0.19971, -58.0188, -0.0269069, 27.7429)

[node name="Desert_plant_029" parent="LevelObjects" index="37" instance=ExtResource("18_uf1la")]
transform = Transform3D(0.19971, 0, -0.979855, 0, 1, 0, 0.979855, 0, 0.19971, -54.2745, -0.0115731, 30.9005)

[node name="Desert_plant_030" parent="LevelObjects" index="38" instance=ExtResource("15_ie14x")]
transform = Transform3D(0.19971, 0, -0.979855, 0, 1, 0, 0.979855, 0, 0.19971, -56.1755, -0.075877, 25.6529)

[node name="Desert_plant_031" parent="LevelObjects" index="39" instance=ExtResource("17_kfcen")]
transform = Transform3D(0.19971, 0, -0.979855, 0, 1, 0, 0.979855, 0, 0.19971, -63.4733, -0.164986, 17.4656)

[node name="stone4" parent="LevelObjects" index="40" instance=ExtResource("25_ic1si")]
transform = Transform3D(0.19971, 0, -0.979855, 0, 1, 0, 0.979855, 0, 0.19971, -60.4082, 0.187643, 31.6401)

[node name="stone8" parent="LevelObjects" index="41" instance=ExtResource("23_kfcen")]
transform = Transform3D(0.19971, 0, -0.979855, 0, 1, 0, 0.979855, 0, 0.19971, -60.4159, -0.00326176, 20.2821)

[node name="stone5" parent="LevelObjects" index="42" instance=ExtResource("29_pgcb2")]
transform = Transform3D(0.19971, 0, -0.979855, 0, 1, 0, 0.979855, 0, 0.19971, -47.8961, 0.141824, 11.7374)

[node name="Desert_plant_032" parent="LevelObjects" index="43" instance=ExtResource("9_08abp")]
transform = Transform3D(0.19971, 0, -0.979855, 0, 1, 0, 0.979855, 0, 0.19971, -60.9912, -0.132946, 18.1149)

[node name="Desert_plant_033" parent="LevelObjects" index="44" instance=ExtResource("10_hbnb1")]
transform = Transform3D(0.19971, 0, -0.979855, 0, 1, 0, 0.979855, 0, 0.19971, -78.4768, 1.15925, 35.1164)

[node name="dead_tree5" parent="LevelObjects" index="45" instance=ExtResource("32_obujn")]
transform = Transform3D(0.19971, 0, -0.979855, 0, 1, 0, 0.979855, 0, 0.19971, -87.7872, 2.45553, 41.4205)

[node name="Desert_plant_034" parent="LevelObjects" index="46" instance=ExtResource("12_6shoj")]
transform = Transform3D(0.19971, 0, -0.979855, 0, 1, 0, 0.979855, 0, 0.19971, -74.8438, 0.918178, 36.4544)

[node name="Desert_plant_035" parent="LevelObjects" index="47" instance=ExtResource("14_l45x7")]
transform = Transform3D(0.368783, -0.024829, -0.929184, 0.00445415, 0.999679, -0.0249449, 0.929505, 0.00506055, 0.368775, -86.6592, 1.37048, 27.8125)

[node name="Desert_plant_036" parent="LevelObjects" index="48" instance=ExtResource("10_hbnb1")]
transform = Transform3D(0.19971, 0, -0.979855, 0, 1, 0, 0.979855, 0, 0.19971, -89.0468, 1.60081, 25.0347)

[node name="Desert_plant_037" parent="LevelObjects" index="49" instance=ExtResource("7_e0rd0")]
transform = Transform3D(0.368783, -0.024829, -0.929184, 0.00445415, 0.999679, -0.0249449, 0.929505, 0.00506055, 0.368775, -83.0583, 1.41131, 30.6395)

[node name="Desert_plant_038" parent="LevelObjects" index="50" instance=ExtResource("22_pgcb2")]
transform = Transform3D(0.19971, 0, -0.979855, 0, 1, 0, 0.979855, 0, 0.19971, -88.645, 1.70053, 22.9201)

[node name="stone9" parent="LevelObjects" index="51" instance=ExtResource("33_tqvxf")]
transform = Transform3D(0.19971, 0, -0.979855, 0, 1, 0, 0.979855, 0, 0.19971, -82.0324, 2.22758, 40.292)

[node name="Desert_plant_039" parent="LevelObjects" index="52" instance=ExtResource("12_6shoj")]
transform = Transform3D(0.19971, 0, -0.979855, 0, 1, 0, 0.979855, 0, 0.19971, -74.0207, 1.93231, 48.0575)

[node name="Desert_plant_040" parent="LevelObjects" index="53" instance=ExtResource("13_0npag")]
transform = Transform3D(0.19971, 0, -0.979855, 0, 1, 0, 0.979855, 0, 0.19971, -84.8133, 2.17496, 35.3603)

[node name="Desert_plant_041" parent="LevelObjects" index="54" instance=ExtResource("9_08abp")]
transform = Transform3D(0.19971, 0, -0.979855, 0, 1, 0, 0.979855, 0, 0.19971, -97.5951, 4.6481, 32.2017)

[node name="Desert_plant_042" parent="LevelObjects" index="55" instance=ExtResource("15_ie14x")]
transform = Transform3D(0.19971, 0, -0.979855, 0, 1, 0, 0.979855, 0, 0.19971, -96.3147, 3.35424, 24.7188)

[node name="Desert_plant_043" parent="LevelObjects" index="56" instance=ExtResource("16_oxnaw")]
transform = Transform3D(0.19971, 0.571119, -0.796203, 0, 0.812572, 0.582861, 0.979855, -0.116403, 0.162279, -110.209, 7.42705, 19.4184)

[node name="Desert_plant_044" parent="LevelObjects" index="57" instance=ExtResource("21_a8o0p")]
transform = Transform3D(0.19971, 0, -0.979855, 0, 1, 0, 0.979855, 0, 0.19971, -112.075, 7.7746, 10.4669)

[node name="Desert_plant_045" parent="LevelObjects" index="58" instance=ExtResource("24_uf1la")]
transform = Transform3D(0.19971, 0, -0.979855, 0, 1, 0, 0.979855, 0, 0.19971, -104.649, 6.656, -21.3823)

[node name="Desert_plant_046" parent="LevelObjects" index="59" instance=ExtResource("9_08abp")]
transform = Transform3D(0.19971, 0, -0.979855, 0, 1, 0, 0.979855, 0, 0.19971, -110.479, 7.86481, -10.6786)

[node name="stone10" parent="LevelObjects" index="60" instance=ExtResource("22_yjdcy")]
transform = Transform3D(0.19971, 0.476762, -0.856045, 0, 0.873645, 0.486564, 0.979855, -0.0971717, 0.174476, -107.936, 7.72229, -15.495)

[node name="Desert_plant_047" parent="LevelObjects" index="61" instance=ExtResource("12_6shoj")]
transform = Transform3D(0.19971, 0, -0.979855, 0, 1, 0, 0.979855, 0, 0.19971, -112.121, 7.92951, -2.46973)

[node name="Desert_plant_048" parent="LevelObjects" index="62" instance=ExtResource("15_ie14x")]
transform = Transform3D(0.19971, 0, -0.979855, 0, 1, 0, 0.979855, 0, 0.19971, -114.48, 8.89314, 5.14535)

[node name="dead_tree6" parent="LevelObjects" index="63" instance=ExtResource("32_obujn")]
transform = Transform3D(0.19971, 0, -0.979855, 0, 1, 0, 0.979855, 0, 0.19971, -115.393, 9.07516, 2.26123)

[node name="stone11" parent="LevelObjects" index="64" instance=ExtResource("29_pgcb2")]
transform = Transform3D(0.19971, 0, -0.979855, 0, 1, 0, 0.979855, 0, 0.19971, -98.3381, 3.77578, 18.0031)

[node name="stone12" parent="LevelObjects" index="65" instance=ExtResource("33_tqvxf")]
transform = Transform3D(0.19971, 0, -0.979855, 0, 1, 0, 0.979855, 0, 0.19971, -97.4974, 3.64108, 17.0007)

[node name="Desert_plant_049" parent="LevelObjects" index="66" instance=ExtResource("24_uf1la")]
transform = Transform3D(0.19971, 0, -0.979855, 0, 1, 0, 0.979855, 0, 0.19971, -97.1868, 3.54959, 18.1257)

[node name="Desert_plant_050" parent="LevelObjects" index="67" instance=ExtResource("13_0npag")]
transform = Transform3D(0.19971, 0.190238, -0.961211, -3.72529e-09, 0.980972, 0.194149, 0.979855, -0.0387734, 0.19591, -108.701, 6.45504, 5.3415)

[node name="Desert_plant_051" parent="LevelObjects" index="68" instance=ExtResource("16_oxnaw")]
transform = Transform3D(0.677813, 0, -0.735234, 0, 1, 0, 0.735234, 0, 0.677813, -108.398, 6.47049, 11.7083)

[node name="Desert_plant_052" parent="LevelObjects" index="69" instance=ExtResource("7_e0rd0")]
transform = Transform3D(0.19971, 0.0335812, -0.97928, 0, 0.999413, 0.0342716, 0.979855, -0.00684437, 0.199593, -107.232, 6.16129, -0.674805)

[node name="Desert_plant_053" parent="LevelObjects" index="70" instance=ExtResource("12_6shoj")]
transform = Transform3D(0.19971, 0, -0.979855, 0, 1, 0, 0.979855, 0, 0.19971, -101.09, 4.84172, 22.558)

[node name="Desert_plant_054" parent="LevelObjects" index="71" instance=ExtResource("14_l45x7")]
transform = Transform3D(0.19971, 0, -0.979855, 0, 1, 0, 0.979855, 0, 0.19971, -99.7417, 4.33182, 21.1637)

[node name="Desert_plant_055" parent="LevelObjects" index="72" instance=ExtResource("13_v1pjo")]
transform = Transform3D(0.19971, 0, -0.979855, 0, 1, 0, 0.979855, 0, 0.19971, -99.3429, 4.36307, 24.5404)

[node name="Desert_plant_056" parent="LevelObjects" index="73" instance=ExtResource("7_e0rd0")]
transform = Transform3D(0.630188, 0, -0.776443, 0, 1, 0, 0.776443, 0, 0.630188, -97.8731, 4.01438, 27.7842)

[node name="Desert_plant_057" parent="LevelObjects" index="74" instance=ExtResource("15_ie14x")]
transform = Transform3D(0.19971, 0, -0.979855, 0, 1, 0, 0.979855, 0, 0.19971, -102.031, 5.0824, 18.1707)

[node name="stone13" parent="LevelObjects" index="75" instance=ExtResource("25_ic1si")]
transform = Transform3D(0.19971, 0, -0.979855, 0, 1, 0, 0.979855, 0, 0.19971, -93.5157, 2.63122, 26.1975)

[node name="Desert_plant_058" parent="LevelObjects" index="76" instance=ExtResource("24_uf1la")]
transform = Transform3D(0.19971, 0, -0.979855, 0, 1, 0, 0.979855, 0, 0.19971, -91.6717, 2.17545, 25.4552)

[node name="Desert_plant_059" parent="LevelObjects" index="77" instance=ExtResource("19_ic1si")]
transform = Transform3D(0.19971, 0, -0.979855, 0, 1, 0, 0.979855, 0, 0.19971, -90.9477, 1.98303, 23.7391)

[node name="Desert_plant_060" parent="LevelObjects" index="78" instance=ExtResource("19_ic1si")]
transform = Transform3D(0.19971, 0, -0.979855, 0, 1, 0, 0.979855, 0, 0.19971, -99.9604, 4.50973, 17.1388)

[node name="stone14" parent="LevelObjects" index="79" instance=ExtResource("23_kfcen")]
transform = Transform3D(0.19971, 0, -0.979855, 0, 1, 0, 0.979855, 0, 0.19971, -57.9966, 0.0822073, 12.9016)

[node name="Desert_plant_061" parent="LevelObjects" index="80" instance=ExtResource("24_uf1la")]
transform = Transform3D(0.19971, 0, -0.979855, 0, 1, 0, 0.979855, 0, 0.19971, -60.0761, -0.0664184, 12.3187)

[node name="Desert_plant_062" parent="LevelObjects" index="81" instance=ExtResource("9_08abp")]
transform = Transform3D(0.19971, 0, -0.979855, 0, 1, 0, 0.979855, 0, 0.19971, -58.8152, -0.0814158, 16.422)

[node name="dead_tree7" parent="LevelObjects" index="82" instance=ExtResource("28_a8o0p")]
transform = Transform3D(0.19971, 0, -0.979855, 0, 1, 0, 0.979855, 0, 0.19971, -54.6292, -0.0217678, 13.5016)

[node name="dead_tree8" parent="LevelObjects" index="83" instance=ExtResource("12_siero")]
transform = Transform3D(0.19971, 0, -0.979855, 0, 1, 0, 0.979855, 0, 0.19971, -51.3124, 0.0132097, 11.9042)

[node name="Desert_plant_063" parent="LevelObjects" index="84" instance=ExtResource("20_sesbr")]
transform = Transform3D(0.19971, 0, -0.979855, 0, 1, 0, 0.979855, 0, 0.19971, -52.9789, -0.00907153, 11.6406)

[node name="Desert_plant_064" parent="LevelObjects" index="85" instance=ExtResource("23_obujn")]
transform = Transform3D(0.19971, 0, -0.979855, 0, 1, 0, 0.979855, 0, 0.19971, -57.0342, -0.0570961, 15.6683)

[node name="Desert_plant_065" parent="LevelObjects" index="86" instance=ExtResource("19_ic1si")]
transform = Transform3D(0.19971, 0, -0.979855, 0, 1, 0, 0.979855, 0, 0.19971, -55.9158, -0.0301272, 11.3308)

[node name="dead_tree9" parent="LevelObjects" index="87" instance=ExtResource("27_sesbr")]
transform = Transform3D(0.19971, 0, -0.979855, 0, 1, 0, 0.979855, 0, 0.19971, -62.7486, 0.00913602, -11.7413)

[node name="Desert_plant_066" parent="LevelObjects" index="88" instance=ExtResource("24_tqvxf")]
transform = Transform3D(0.19971, 0, -0.979855, 0, 1, 0, 0.979855, 0, 0.19971, -44.8862, -0.474507, -46.1263)

[node name="Desert_plant_067" parent="LevelObjects" index="89" instance=ExtResource("37_a8o0p")]
transform = Transform3D(0.19971, 0, -0.979855, 0, 1, 0, 0.979855, 0, 0.19971, -50.6682, -0.292573, -38.4104)

[node name="Desert_plant_068" parent="LevelObjects" index="90" instance=ExtResource("10_hbnb1")]
transform = Transform3D(0.19971, 0, -0.979855, 0, 1, 0, 0.979855, 0, 0.19971, -53.6311, -0.0876164, -36.9551)

[node name="Desert_plant_069" parent="LevelObjects" index="91" instance=ExtResource("7_e0rd0")]
transform = Transform3D(0.19971, 0, -0.979855, 0, 1, 0, 0.979855, 0, 0.19971, -47.8562, -0.349753, -42.6326)

[node name="Desert_plant_070" parent="LevelObjects" index="92" instance=ExtResource("23_obujn")]
transform = Transform3D(0.19971, 0, -0.979855, 0, 1, 0, 0.979855, 0, 0.19971, -54.3837, -0.053733, -34.658)

[node name="stone15" parent="LevelObjects" index="93" instance=ExtResource("29_pgcb2")]
transform = Transform3D(0.19971, 0, -0.979855, 0, 1, 0, 0.979855, 0, 0.19971, -50.5655, 0.0379012, -40.4977)

[node name="stone16" parent="LevelObjects" index="94" instance=ExtResource("33_tqvxf")]
transform = Transform3D(0.19971, 0, -0.979855, 0, 1, 0, 0.979855, 0, 0.19971, -43.4025, -0.054124, -51.3009)

[node name="Desert_plant_071" parent="LevelObjects" index="95" instance=ExtResource("22_pgcb2")]
transform = Transform3D(0.19971, 0, -0.979855, 0, 1, 0, 0.979855, 0, 0.19971, -52.3206, -0.0516405, -38.5686)

[node name="Desert_plant_072" parent="LevelObjects" index="96" instance=ExtResource("24_uf1la")]
transform = Transform3D(0.19971, 0, -0.979855, 0, 1, 0, 0.979855, 0, 0.19971, -56.1366, -0.0894379, -32.3226)

[node name="Desert_plant_073" parent="LevelObjects" index="97" instance=ExtResource("25_u8rub")]
transform = Transform3D(0.19971, 0, -0.979855, 0, 1, 0, 0.979855, 0, 0.19971, -55.7354, -0.00104186, -34.7693)

[node name="Desert_plant_074" parent="LevelObjects" index="98" instance=ExtResource("37_a8o0p")]
transform = Transform3D(0.19971, 0, -0.979855, 0, 1, 0, 0.979855, 0, 0.19971, -56.957, -0.238114, -30.7653)

[node name="Desert_plant_075" parent="LevelObjects" index="99" instance=ExtResource("9_08abp")]
transform = Transform3D(0.19971, 0, -0.979855, 0, 1, 0, 0.979855, 0, 0.19971, -58.2592, -0.000679493, -32.2854)

[node name="Desert_plant_076" parent="LevelObjects" index="100" instance=ExtResource("22_pgcb2")]
transform = Transform3D(0.19971, 0, -0.979855, 0, 1, 0, 0.979855, 0, 0.19971, -59.5813, -0.324664, -26.1941)

[node name="Desert_plant_077" parent="LevelObjects" index="101" instance=ExtResource("18_uf1la")]
transform = Transform3D(0.19971, 0, -0.979855, 0, 1, 0, 0.979855, 0, 0.19971, -59.5704, -0.133877, -29.7136)

[node name="Desert_plant_078" parent="LevelObjects" index="102" instance=ExtResource("19_ic1si")]
transform = Transform3D(0.19971, 0, -0.979855, 0, 1, 0, 0.979855, 0, 0.19971, -58.3777, -0.0739262, -30.094)

[node name="Desert_plant_079" parent="LevelObjects" index="103" instance=ExtResource("13_0npag")]
transform = Transform3D(0.19971, 0, -0.979855, 0, 1, 0, 0.979855, 0, 0.19971, -60.5907, -0.255828, -22.4007)

[node name="Desert_plant_080" parent="LevelObjects" index="104" instance=ExtResource("15_ie14x")]
transform = Transform3D(0.19971, 0, -0.979855, 0, 1, 0, 0.979855, 0, 0.19971, -61.4508, -0.0917836, -25.1153)

[node name="Desert_plant_081" parent="LevelObjects" index="105" instance=ExtResource("9_08abp")]
transform = Transform3D(0.19971, 0, -0.979855, 0, 1, 0, 0.979855, 0, 0.19971, -61.5956, 0.00756881, -17.3732)

[node name="Desert_plant_082" parent="LevelObjects" index="106" instance=ExtResource("7_e0rd0")]
transform = Transform3D(0.19971, 0, -0.979855, 0, 1, 0, 0.979855, 0, 0.19971, -62.9119, -0.00228408, -21.2901)

[node name="Desert_plant_083" parent="LevelObjects" index="107" instance=ExtResource("20_sesbr")]
transform = Transform3D(0.19971, 0, -0.979855, 0, 1, 0, 0.979855, 0, 0.19971, -60.5478, -0.275396, -19.8794)

[node name="Desert_plant_084" parent="LevelObjects" index="108" instance=ExtResource("24_tqvxf")]
transform = Transform3D(0.19971, 0, -0.979855, 0, 1, 0, 0.979855, 0, 0.19971, -63.7847, -0.00153427, -23.0168)

[node name="stone17" parent="LevelObjects" index="109" instance=ExtResource("25_ic1si")]
transform = Transform3D(0.19971, 0, -0.979855, 0, 1, 0, 0.979855, 0, 0.19971, -64.1671, 0.125322, -17.4085)

[node name="Desert_plant_085" parent="LevelObjects" index="110" instance=ExtResource("14_l45x7")]
transform = Transform3D(0.19971, 0, -0.979855, 0, 1, 0, 0.979855, 0, 0.19971, -64.0305, -0.00800777, -14.3819)

[node name="stone18" parent="LevelObjects" index="111" instance=ExtResource("33_tqvxf")]
transform = Transform3D(0.19971, 0, -0.979855, 0, 1, 0, 0.979855, 0, 0.19971, -62.8117, 0.0695945, -12.6504)

[node name="Desert_plant_086" parent="LevelObjects" index="112" instance=ExtResource("19_ic1si")]
transform = Transform3D(0.19971, 0, -0.979855, 0, 1, 0, 0.979855, 0, 0.19971, -62.9796, -0.00425733, -18.7168)

[node name="Desert_plant_087" parent="LevelObjects" index="113" instance=ExtResource("25_u8rub")]
transform = Transform3D(0.19971, 0, -0.979855, 0, 1, 0, 0.979855, 0, 0.19971, -57.7317, 0.0379009, -11.282)

[node name="Desert_plant_088" parent="LevelObjects" index="114" instance=ExtResource("37_a8o0p")]
transform = Transform3D(0.19971, 0, -0.979855, 0, 1, 0, 0.979855, 0, 0.19971, -60.0733, 0.0182997, -11.9732)

[node name="Desert_plant_089" parent="LevelObjects" index="115" instance=ExtResource("9_08abp")]
transform = Transform3D(0.19971, 0, -0.979855, 0, 1, 0, 0.979855, 0, 0.19971, -56.2156, 0.0519118, -11.3531)

[node name="Desert_plant_090" parent="LevelObjects" index="116" instance=ExtResource("22_pgcb2")]
transform = Transform3D(0.19971, 0, -0.979855, 0, 1, 0, 0.979855, 0, 0.19971, -58.3013, -0.0930945, -13.2948)

[node name="stone19" parent="LevelObjects" index="117" instance=ExtResource("23_kfcen")]
transform = Transform3D(0.19971, 0, -0.979855, 0, 1, 0, 0.979855, 0, 0.19971, -56.394, 0.00430579, -12.7434)

[node name="stone20" parent="LevelObjects" index="118" instance=ExtResource("38_pgcb2")]
transform = Transform3D(0.19971, 0, -0.979855, 0, 1, 0, 0.979855, 0, 0.19971, -50.3676, -0.0921126, -12.9653)

[node name="Desert_plant_091" parent="LevelObjects" index="119" instance=ExtResource("23_obujn")]
transform = Transform3D(0.19971, 0, -0.979855, 0, 1, 0, 0.979855, 0, 0.19971, -53.1236, -0.0172707, -10.7779)

[node name="stone21" parent="LevelObjects" index="120" instance=ExtResource("25_ic1si")]
transform = Transform3D(0.19971, 0, -0.979855, 0, 1, 0, 0.979855, 0, 0.19971, -53.4705, 0.0627131, -12.3024)

[node name="Desert_plant_092" parent="LevelObjects" index="121" instance=ExtResource("13_v1pjo")]
transform = Transform3D(0.19971, 0, -0.979855, 0, 1, 0, 0.979855, 0, 0.19971, -52.0671, -0.0200235, -10.4761)

[node name="Desert_plant_093" parent="LevelObjects" index="122" instance=ExtResource("21_a8o0p")]
transform = Transform3D(0.19971, 0, -0.979855, 0, 1, 0, 0.979855, 0, 0.19971, -50.8389, -0.0296218, -10.6592)

[node name="dead_tree10" parent="LevelObjects" index="123" instance=ExtResource("12_siero")]
transform = Transform3D(0.19971, 0, -0.979855, 0, 1, 0, 0.979855, 0, 0.19971, -40.2096, -0.375008, -11.4931)

[node name="dead_tree11" parent="LevelObjects" index="124" instance=ExtResource("32_obujn")]
transform = Transform3D(0.19971, 0, -0.979855, 0, 1, 0, 0.979855, 0, 0.19971, -25.9521, 0.107887, 27.8895)

[node name="Boosters" type="Node3D" parent="." index="14"]

[node name="Booster" parent="Boosters" index="0" instance=ExtResource("35_uf1la")]
transform = Transform3D(0.799716, 0, -0.600378, 0, 1, 0, 0.600378, 0, 0.799716, -59.9917, 0.00321225, -36.6305)
boost_multiplier = 1.5

[node name="Booster2" parent="Boosters" index="1" instance=ExtResource("35_uf1la")]
transform = Transform3D(0.65239, 0, 0.757884, 0, 1, 0, -0.757884, 0, 0.65239, -60.7162, 0.358294, 38.1606)

[node name="Booster3" parent="Boosters" index="2" instance=ExtResource("35_uf1la")]
transform = Transform3D(0.603098, 0.0237198, 0.797315, -0.0664709, 0.997576, 0.0206019, -0.794894, -0.0654232, 0.603212, -55.7759, 0.407399, 41.8804)

[node name="Booster4" parent="Boosters" index="3" instance=ExtResource("35_uf1la")]
transform = Transform3D(-0.239042, 0, -0.97101, 0, 1, 0, 0.97101, 0, -0.239042, 42.9623, -0.0421939, -59.3928)

[node name="Booster6" parent="Boosters" index="4" instance=ExtResource("35_uf1la")]
transform = Transform3D(-0.223216, 0.0115831, -0.974701, -0.0528193, 0.998317, 0.0239599, 0.973337, 0.0568312, -0.222228, 19.3895, 0.1025, -64.5757)

[node name="Booster5" parent="Boosters" index="5" instance=ExtResource("35_uf1la")]
transform = Transform3D(-0.66262, 0, -0.748956, 0, 1, 0, 0.748956, 0, -0.66262, 63.9818, 0.141702, -46.5827)

[node name="Booster7" parent="Boosters" index="6" instance=ExtResource("35_uf1la")]
transform = Transform3D(0.0299633, 0, 0.999551, 0, 1, 0, -0.999551, 0, 0.0299633, -58.6653, -0.0277078, 2.59538)

[node name="HillBridge" type="Node3D" parent="." index="15"]
transform = Transform3D(1, 0, 0, 0, 1, 0, 0, 0, 1, 4.13817, 0, 0.0905334)

[node name="Booster" parent="HillBridge" index="0" instance=ExtResource("35_uf1la")]
transform = Transform3D(-0.199368, -0.281592, 0.938594, 0, 0.957822, 0.287361, -0.979925, 0.0572905, -0.190959, -23.5566, 3.02435, -0.229489)
boost_multiplier = 6.0

[node name="Booster2" parent="HillBridge" index="1" instance=ExtResource("35_uf1la")]
transform = Transform3D(-0.199368, -0.281592, 0.938594, 0, 0.957822, 0.287361, -0.979925, 0.0572905, -0.190959, 1.90555, 10.8449, -5.41908)
boost_multiplier = 6.0

[node name="Booster3" parent="HillBridge" index="2" instance=ExtResource("35_uf1la")]
transform = Transform3D(-0.199368, -0.281592, 0.938594, 0, 0.957822, 0.287361, -0.979925, 0.0572905, -0.190959, 18.3011, 15.7622, -8.76075)
boost_multiplier = 6.0

[node name="WoodenBridge5" parent="HillBridge" index="3" instance=ExtResource("39_pgcb2")]
transform = Transform3D(0.119621, -0.136379, -0.970388, 0, 0.990268, -0.139173, 0.587955, 0.0277467, 0.197428, -39.1465, -1.39548, 2.48812)

[node name="WoodenBridge" parent="HillBridge" index="4" instance=ExtResource("39_pgcb2")]
transform = Transform3D(0.119826, -0.28185, -0.938444, 0, 0.957737, -0.287645, 0.587913, 0.0574455, 0.19127, -24.6812, 1.32317, -0.460121)

[node name="WoodenBridge2" parent="HillBridge" index="5" instance=ExtResource("39_pgcb2")]
transform = Transform3D(0.119826, -0.28185, -0.938444, 0, 0.957737, -0.287645, 0.587913, 0.0574455, 0.19127, -4.92803, 7.31558, -4.48614)

[node name="WoodenBridge3" parent="HillBridge" index="6" instance=ExtResource("39_pgcb2")]
transform = Transform3D(0.119826, -0.28185, -0.938444, 0, 0.957737, -0.287645, 0.587913, 0.0574455, 0.19127, 15.1531, 13.3772, -8.579)

[node name="WoodenBridge4" parent="HillBridge" index="7" instance=ExtResource("39_pgcb2")]
transform = Transform3D(0.119621, 0, -0.587955, 0, 1, 0, 0.587955, 0, 0.119621, 61.8969, 16.5742, -18.1061)

[node name="WoodenPillar" parent="HillBridge" index="8" instance=ExtResource("40_obujn")]
transform = Transform3D(0.39942, 0, -1.95971, 0, 8, 0, 1.95971, 0, 0.39942, -15.8189, -7.2694, 1.21765)

[node name="WoodenPillar2" parent="HillBridge" index="9" instance=ExtResource("40_obujn")]
transform = Transform3D(0.39942, 0, -1.95971, 0, 8, 0, 1.95971, 0, 0.39942, -17.247, -7.2694, -5.78904)

[node name="WoodenPillar3" parent="HillBridge" index="10" instance=ExtResource("40_obujn")]
transform = Transform3D(0.39942, 0, -1.95971, 0, 8, 0, 1.95971, 0, 0.39942, -7.97863, -4.79043, -0.294797)

[node name="WoodenPillar4" parent="HillBridge" index="11" instance=ExtResource("40_obujn")]
transform = Transform3D(0.39942, 0, -1.95971, 0, 8, 0, 1.95971, 0, 0.39942, -9.37254, -4.79043, -7.13386)

[node name="WoodenPillar5" parent="HillBridge" index="12" instance=ExtResource("40_obujn")]
transform = Transform3D(0.39942, 0, -1.95971, 0, 8, 0, 1.95971, 0, 0.39942, 1.74785, -2.08145, -2.27721)

[node name="WoodenPillar6" parent="HillBridge" index="13" instance=ExtResource("40_obujn")]
transform = Transform3D(0.39942, 0, -1.95971, 0, 8, 0, 1.95971, 0, 0.39942, 0.35394, -2.08145, -9.11627)

[node name="WoodenPillar7" parent="HillBridge" index="14" instance=ExtResource("40_obujn")]
transform = Transform3D(0.39942, 0, -1.95971, 0, 8, 0, 1.95971, 0, 0.39942, 12.1288, 1.05694, -4.39301)

[node name="WoodenPillar8" parent="HillBridge" index="15" instance=ExtResource("40_obujn")]
transform = Transform3D(0.39942, 0, -1.95971, 0, 8, 0, 1.95971, 0, 0.39942, 10.7349, 1.05694, -11.2321)

[node name="WoodenPillar9" parent="HillBridge" index="16" instance=ExtResource("40_obujn")]
transform = Transform3D(0.39942, 0, -1.95971, 0, 8, 0, 1.95971, 0, 0.39942, 24.9005, 5.00368, -6.99608)

[node name="WoodenPillar10" parent="HillBridge" index="17" instance=ExtResource("40_obujn")]
transform = Transform3D(0.39942, 0, -1.95971, 0, 8, 0, 1.95971, 0, 0.39942, 23.5066, 5.00368, -13.8351)

[node name="WoodenPillar11" parent="HillBridge" index="18" instance=ExtResource("40_obujn")]
transform = Transform3D(0.59913, 0, -2.93957, 0, 15, 0, 2.93957, 0, 0.59913, 56.4286, -5.26614, -13.422)

[node name="WoodenPillar12" parent="HillBridge" index="19" instance=ExtResource("40_obujn")]
transform = Transform3D(0.59913, 0, -2.93957, 0, 15, 0, 2.93957, 0, 0.59913, 55.0347, -5.26614, -20.2611)

[node name="WoodenPillar13" parent="HillBridge" index="20" instance=ExtResource("40_obujn")]
transform = Transform3D(0.59913, 0, -2.93957, 0, 15, 0, 2.93957, 0, 0.59913, 68.2329, -5.26614, -15.8279)

[node name="WoodenPillar14" parent="HillBridge" index="21" instance=ExtResource("40_obujn")]
transform = Transform3D(0.59913, 0, -2.93957, 0, 15, 0, 2.93957, 0, 0.59913, 66.839, -5.26614, -22.667)

[node name="CanionBridge" type="Node3D" parent="." index="16"]

[node name="wooden_pillar" parent="CanionBridge" index="0" instance=ExtResource("4_w7cg1")]
transform = Transform3D(0.990466, 0, 0.137756, 0, 2.24391, 0, -0.137756, 0, 0.990466, -6.73886, -13.8524, -61.9337)

[node name="wooden_pillar2" parent="CanionBridge" index="1" instance=ExtResource("4_w7cg1")]
transform = Transform3D(0.990466, 0, 0.137756, 0, 2.47896, 0, -0.137756, 0, 0.990466, -7.50833, -15.652, -68.7195)

