[gd_scene load_steps=44 format=3 uid="uid://ce7uyrofns7ml"]

[ext_resource type="PackedScene" uid="uid://clthdr6beclys" path="res://track/track.tscn" id="1_mn4nu"]
[ext_resource type="PackedScene" uid="uid://p7atvo2gj2c5" path="res://checkpoint/finish/finish.tscn" id="2_7j01r"]
[ext_resource type="PackedScene" uid="uid://w4x7lllpyfuy" path="res://assets/terrain/terrain_track003.blend" id="2_mn4nu"]
[ext_resource type="PackedScene" uid="uid://bnd1qqdentrpd" path="res://checkpoint/checkpoint.tscn" id="2_qu104"]
[ext_resource type="PackedScene" uid="uid://duba1hy6lraw6" path="res://assets/models/wooden_pillar.blend" id="4_w7cg1"]
[ext_resource type="PackedScene" uid="uid://d3i62fw6hlwwb" path="res://assets/models/Desert_plant_001.fbx" id="7_e0rd0"]
[ext_resource type="PackedScene" uid="uid://b6iso4tnup1rv" path="res://assets/models/Desert_plant_002.fbx" id="9_08abp"]
[ext_resource type="PackedScene" uid="uid://b1g5kcpulenk7" path="res://assets/models/Desert_plant_003.fbx" id="10_hbnb1"]
[ext_resource type="PackedScene" uid="uid://cqch1k0015h2" path="res://assets/models/Desert_plant_006.fbx" id="12_6shoj"]
[ext_resource type="PackedScene" uid="uid://celrsr2tyo6xu" path="res://assets/models/dead_tree1.blend" id="12_siero"]
[ext_resource type="PackedScene" uid="uid://c1sbcrg1tc3jx" path="res://assets/models/Desert_plant_007.fbx" id="13_0npag"]
[ext_resource type="PackedScene" uid="uid://glj3n2gyxj2r" path="res://assets/models/Desert_plant_004.fbx" id="13_v1pjo"]
[ext_resource type="PackedScene" uid="uid://bk1o23cvdh87v" path="res://assets/models/Desert_plant_008.fbx" id="14_l45x7"]
[ext_resource type="PackedScene" uid="uid://ck8kymv0k8w48" path="res://assets/models/Desert_plant_009.fbx" id="15_ie14x"]
[ext_resource type="PackedScene" uid="uid://dfts5wcne62bc" path="res://assets/models/Desert_plant_010.fbx" id="16_oxnaw"]
[ext_resource type="PackedScene" uid="uid://c00besqiaof3u" path="res://assets/models/dead_tree4.blend" id="16_yjdcy"]
[ext_resource type="PackedScene" uid="uid://dfudh3l86xshj" path="res://assets/models/Desert_plant_011.fbx" id="17_kfcen"]
[ext_resource type="PackedScene" uid="uid://dst3rpuxl2vya" path="res://assets/models/Desert_plant_012.fbx" id="18_uf1la"]
[ext_resource type="PackedScene" uid="uid://cx4p6flenfm8f" path="res://assets/models/Desert_plant_013.fbx" id="19_ic1si"]
[ext_resource type="PackedScene" uid="uid://c6gbuhwqtqvwl" path="res://assets/models/Desert_plant_014.fbx" id="20_sesbr"]
[ext_resource type="PackedScene" uid="uid://cuj33aj0lrou1" path="res://assets/models/Desert_plant_015.fbx" id="21_a8o0p"]
[ext_resource type="PackedScene" uid="uid://cyr1rwru64oih" path="res://assets/models/Desert_plant_016.fbx" id="22_pgcb2"]
[ext_resource type="PackedScene" uid="uid://dxxubgy6tkt3g" path="res://assets/models/stone3.blend" id="22_yjdcy"]
[ext_resource type="PackedScene" uid="uid://y2bklh6q5rcr" path="res://assets/models/stone6.blend" id="23_kfcen"]
[ext_resource type="PackedScene" uid="uid://b7oacurkc47p4" path="res://assets/models/Desert_plant_017.fbx" id="23_obujn"]
[ext_resource type="PackedScene" uid="uid://d4hn4mopao4pj" path="res://assets/models/Desert_plant_018.fbx" id="24_tqvxf"]
[ext_resource type="PackedScene" uid="uid://cetwhv6xs4w5s" path="res://assets/models/Desert_plant_020.fbx" id="24_uf1la"]
[ext_resource type="PackedScene" uid="uid://xde76opw0agn" path="res://assets/models/stone1.blend" id="25_ic1si"]
[ext_resource type="PackedScene" uid="uid://jnrpmviu137d" path="res://assets/models/Desert_plant_019.fbx" id="25_u8rub"]
[ext_resource type="PackedScene" uid="uid://kitwvubkfsq7" path="res://assets/models/dead_tree3.blend" id="27_sesbr"]
[ext_resource type="PackedScene" uid="uid://ctyrv2yd05ik" path="res://assets/models/dead_tree2.blend" id="28_a8o0p"]
[ext_resource type="PackedScene" uid="uid://cjab21o57b0a6" path="res://assets/models/stone2.blend" id="29_pgcb2"]
[ext_resource type="PackedScene" uid="uid://ck62do0utl8wp" path="res://assets/models/dead_tree5.blend" id="32_obujn"]
[ext_resource type="PackedScene" uid="uid://b4aavbm0gvunq" path="res://assets/models/stone4.blend" id="33_tqvxf"]
[ext_resource type="PackedScene" uid="uid://0kjlkr3tctx4" path="res://booster/booster.tscn" id="35_uf1la"]
[ext_resource type="PackedScene" uid="uid://dr4anhy5vig8s" path="res://assets/models/Boat.glb" id="36_tqvxf"]
[ext_resource type="PackedScene" uid="uid://dnx6ysw7x41nt" path="res://assets/models/Desert_plant_005.fbx" id="37_a8o0p"]
[ext_resource type="PackedScene" uid="uid://jh8g12wsekpk" path="res://assets/models/stone5.blend" id="38_pgcb2"]
[ext_resource type="PackedScene" uid="uid://c4mjgfoeosssl" path="res://assets/models/wooden_bridge.tscn" id="39_pgcb2"]
[ext_resource type="PackedScene" uid="uid://bkmhvg2o6djws" path="res://assets/models/wooden_pillar.tscn" id="40_obujn"]
[ext_resource type="Material" uid="uid://b8bb3a4lwindu" path="res://assets/materials/Water.tres" id="40_tqvxf"]
[ext_resource type="Script" uid="uid://csde1218ubj0b" path="res://addons/scene_object_brush/Brush.gd" id="42_u8rub"]

[sub_resource type="PlaneMesh" id="PlaneMesh_pgcb2"]

[node name="Track" instance=ExtResource("1_mn4nu")]
transform = Transform3D(0.19971, 0, 0.979855, 0, 1, 0, -0.979855, 0, 0.19971, 0, 0, 0)
track_id = 3

[node name="Start" parent="." index="2"]
transform = Transform3D(0.699801, 0, -0.714339, 0, 1, 0, 0.714339, 0, 0.699801, -46.1198, -0.265684, -53.9107)

[node name="Car" parent="." index="3"]
transform = Transform3D(1, 0, 0, 0, 1, 0, 0, 0, 1, 39.4772, 0, -42.6389)
acceleration_force = 250.0

[node name="Checkpoint2" parent="Checkpoints" index="0" instance=ExtResource("2_qu104")]
transform = Transform3D(-0.410672, 0, 0.911784, 0, 1, 0, -0.911784, 0, -0.410672, 20.3299, -0.126095, 68.9361)

[node name="Checkpoint3" parent="Checkpoints" index="1" instance=ExtResource("2_qu104")]
transform = Transform3D(0.972337, 0, -0.233581, 0, 1, 0, 0.233581, 0, 0.972337, 46.6043, 4.23829, 32.5672)

[node name="Checkpoint5" parent="Checkpoints" index="2" instance=ExtResource("2_qu104")]
transform = Transform3D(-0.912371, -0.154646, -0.379031, -0.143992, 0.987965, -0.0564879, 0.383205, 0.00303955, -0.923658, 74.3548, -0.0723088, -51.6055)

[node name="Checkpoint6" parent="Checkpoints" index="3" instance=ExtResource("2_qu104")]
transform = Transform3D(0.313199, 0.0180374, -0.949516, -0.0512308, 0.998685, 0.00207287, 0.948305, 0.0479953, 0.313711, -25.2308, 0.0794177, -75.5888)

[node name="Checkpoint7" parent="Checkpoints" index="4" instance=ExtResource("2_qu104")]
transform = Transform3D(0.995637, 0, -0.0933092, 0, 1, 0, 0.0933092, 0, 0.995637, -63.8852, 0.0835225, -23.4053)

[node name="Checkpoint8" parent="Checkpoints" index="5" instance=ExtResource("2_qu104")]
transform = Transform3D(0.977948, 0, 0.208851, 0, 1, 0, -0.208851, 0, 0.977948, -72.0857, -0.105497, 43.2012)

[node name="Checkpoint" parent="Checkpoints" index="6" instance=ExtResource("2_qu104")]
transform = Transform3D(0.460795, 0.105214, 0.881248, -0.164636, 0.985847, -0.0316158, -0.872103, -0.130517, 0.471596, -49.6859, 0.254983, 75.9886)

[node name="Checkpoint4" parent="Checkpoints" index="7" instance=ExtResource("2_qu104")]
transform = Transform3D(-0.94652, 0, 0.322646, 0, 1, 0, -0.322646, 0, -0.94652, -7.42367, -0.112796, 50.2736)

[node name="Desert_plant_004" parent="Checkpoints" index="8" instance=ExtResource("13_v1pjo")]
transform = Transform3D(1, 0, 0, 0, 1, 0, 0, 0, 1, 51.7987, 3.59574, 34.3713)

[node name="Desert_plant_019" parent="Checkpoints" index="9" instance=ExtResource("25_u8rub")]
transform = Transform3D(1, 0, 0, 0, 1, 0, 0, 0, 1, 62.2599, 3.04089, 31.6447)

[node name="Desert_plant_020" parent="Checkpoints" index="10" instance=ExtResource("24_uf1la")]
transform = Transform3D(1, 0, 0, 0, 1, 0, 0, 0, 1, 54.2227, 1.51871, 40.4563)

[node name="dead_tree4" parent="Checkpoints" index="11" instance=ExtResource("16_yjdcy")]
transform = Transform3D(1, 0, 0, 0, 1, 0, 0, 0, 1, 61.3332, 0.698625, 40.4856)

[node name="Desert_plant_016" parent="Checkpoints" index="12" instance=ExtResource("22_pgcb2")]
transform = Transform3D(1, 0, 0, 0, 1, 0, 0, 0, 1, 50.9807, 1.16644, 49.2199)

[node name="Desert_plant_012" parent="Checkpoints" index="13" instance=ExtResource("18_uf1la")]
transform = Transform3D(1, 0, 0, 0, 1, 0, 0, 0, 1, 54.9116, 1.30586, 47.5878)

[node name="Desert_plant_005" parent="Checkpoints" index="14" instance=ExtResource("37_a8o0p")]
transform = Transform3D(1, 0, 0, 0, 1, 0, 0, 0, 1, 72.5071, 4.01134, 29.6699)

[node name="stone2" parent="Checkpoints" index="15" instance=ExtResource("29_pgcb2")]
transform = Transform3D(1, 0, 0, 0, 1, 0, 0, 0, 1, 67.4366, 1.47783, 42.8739)

[node name="stone1" parent="Checkpoints" index="16" instance=ExtResource("25_ic1si")]
transform = Transform3D(1, 0, 0, 0, 1, 0, 0, 0, 1, 53.8882, 1.27135, 46.0056)

[node name="Finish" parent="Finishes" index="0" instance=ExtResource("2_7j01r")]
transform = Transform3D(-0.995986, -0.0679532, 0.0582634, -0.0166232, 0.780001, 0.625557, -0.0879541, 0.622077, -0.778, 29.047, 12.5635, -92.7151)

[node name="Finish2" parent="Finishes" index="1" instance=ExtResource("2_7j01r")]
transform = Transform3D(-1, 0, -8.74227e-08, 0, 1, 0, 8.74227e-08, 0, -1, -4.58664, 17.9177, -68.9352)

[node name="Terrain" parent="." index="12" instance=ExtResource("2_mn4nu")]

[node name="Boosters" type="Node3D" parent="." index="13"]

[node name="Booster" parent="Boosters" index="0" instance=ExtResource("35_uf1la")]
transform = Transform3D(0.799716, 0, -0.600378, 0, 1, 0, 0.600378, 0, 0.799716, -59.9917, 0.00321225, -36.6305)
boost_multiplier = 1.5

[node name="Booster2" parent="Boosters" index="1" instance=ExtResource("35_uf1la")]
transform = Transform3D(0.65239, 0, 0.757884, 0, 1, 0, -0.757884, 0, 0.65239, -60.7162, 0.358294, 38.1606)

[node name="Booster3" parent="Boosters" index="2" instance=ExtResource("35_uf1la")]
transform = Transform3D(0.603098, 0.0237198, 0.797315, -0.0664709, 0.997576, 0.0206019, -0.794894, -0.0654232, 0.603212, -55.7759, 0.407399, 41.8804)

[node name="Booster4" parent="Boosters" index="3" instance=ExtResource("35_uf1la")]
transform = Transform3D(-0.239042, 0, -0.97101, 0, 1, 0, 0.97101, 0, -0.239042, 42.9623, -0.0421939, -59.3928)

[node name="Booster6" parent="Boosters" index="4" instance=ExtResource("35_uf1la")]
transform = Transform3D(-0.223216, 0.0115831, -0.974701, -0.0528193, 0.998317, 0.0239599, 0.973337, 0.0568312, -0.222228, 19.3895, 0.1025, -64.5757)

[node name="Booster5" parent="Boosters" index="5" instance=ExtResource("35_uf1la")]
transform = Transform3D(-0.66262, 0, -0.748956, 0, 1, 0, 0.748956, 0, -0.66262, 63.9818, 0.141702, -46.5827)

[node name="Booster7" parent="Boosters" index="6" instance=ExtResource("35_uf1la")]
transform = Transform3D(0.0299633, 0, 0.999551, 0, 1, 0, -0.999551, 0, 0.0299633, -58.6653, -0.0277078, 2.59538)

[node name="HillBridge" type="Node3D" parent="." index="14"]
transform = Transform3D(1, 0, 0, 0, 1, 0, 0, 0, 1, 4.13817, 0, 0.0905334)

[node name="Booster" parent="HillBridge" index="0" instance=ExtResource("35_uf1la")]
transform = Transform3D(-0.199368, -0.281592, 0.938594, 0, 0.957822, 0.287361, -0.979925, 0.0572905, -0.190959, -23.5566, 3.02435, -0.229489)
boost_multiplier = 6.0

[node name="Booster2" parent="HillBridge" index="1" instance=ExtResource("35_uf1la")]
transform = Transform3D(-0.199368, -0.281592, 0.938594, 0, 0.957822, 0.287361, -0.979925, 0.0572905, -0.190959, 1.90555, 10.8449, -5.41908)
boost_multiplier = 6.0

[node name="Booster3" parent="HillBridge" index="2" instance=ExtResource("35_uf1la")]
transform = Transform3D(-0.199368, -0.281592, 0.938594, 0, 0.957822, 0.287361, -0.979925, 0.0572905, -0.190959, 18.3011, 15.7622, -8.76075)
boost_multiplier = 6.0

[node name="WoodenBridge5" parent="HillBridge" index="3" instance=ExtResource("39_pgcb2")]
transform = Transform3D(0.119621, -0.136379, -0.970388, 0, 0.990268, -0.139173, 0.587955, 0.0277467, 0.197428, -39.1465, -1.39548, 2.48812)

[node name="WoodenBridge" parent="HillBridge" index="4" instance=ExtResource("39_pgcb2")]
transform = Transform3D(0.119826, -0.28185, -0.938444, 0, 0.957737, -0.287645, 0.587913, 0.0574455, 0.19127, -24.6812, 1.32317, -0.460121)

[node name="WoodenBridge2" parent="HillBridge" index="5" instance=ExtResource("39_pgcb2")]
transform = Transform3D(0.119826, -0.28185, -0.938444, 0, 0.957737, -0.287645, 0.587913, 0.0574455, 0.19127, -4.92803, 7.31558, -4.48614)

[node name="WoodenBridge3" parent="HillBridge" index="6" instance=ExtResource("39_pgcb2")]
transform = Transform3D(0.119826, -0.28185, -0.938444, 0, 0.957737, -0.287645, 0.587913, 0.0574455, 0.19127, 15.1531, 13.3772, -8.579)

[node name="WoodenBridge4" parent="HillBridge" index="7" instance=ExtResource("39_pgcb2")]
transform = Transform3D(0.119621, 0, -0.587955, 0, 1, 0, 0.587955, 0, 0.119621, 61.8969, 16.5742, -18.1061)

[node name="WoodenPillar" parent="HillBridge" index="8" instance=ExtResource("40_obujn")]
transform = Transform3D(0.39942, 0, -1.95971, 0, 8, 0, 1.95971, 0, 0.39942, -15.8189, -7.2694, 1.21765)

[node name="WoodenPillar2" parent="HillBridge" index="9" instance=ExtResource("40_obujn")]
transform = Transform3D(0.39942, 0, -1.95971, 0, 8, 0, 1.95971, 0, 0.39942, -17.247, -7.2694, -5.78904)

[node name="WoodenPillar3" parent="HillBridge" index="10" instance=ExtResource("40_obujn")]
transform = Transform3D(0.39942, 0, -1.95971, 0, 8, 0, 1.95971, 0, 0.39942, -7.97863, -4.79043, -0.294797)

[node name="WoodenPillar4" parent="HillBridge" index="11" instance=ExtResource("40_obujn")]
transform = Transform3D(0.39942, 0, -1.95971, 0, 8, 0, 1.95971, 0, 0.39942, -9.37254, -4.79043, -7.13386)

[node name="WoodenPillar5" parent="HillBridge" index="12" instance=ExtResource("40_obujn")]
transform = Transform3D(0.39942, 0, -1.95971, 0, 8, 0, 1.95971, 0, 0.39942, 1.74785, -2.08145, -2.27721)

[node name="WoodenPillar6" parent="HillBridge" index="13" instance=ExtResource("40_obujn")]
transform = Transform3D(0.39942, 0, -1.95971, 0, 8, 0, 1.95971, 0, 0.39942, 0.35394, -2.08145, -9.11627)

[node name="WoodenPillar7" parent="HillBridge" index="14" instance=ExtResource("40_obujn")]
transform = Transform3D(0.39942, 0, -1.95971, 0, 8, 0, 1.95971, 0, 0.39942, 12.1288, 1.05694, -4.39301)

[node name="WoodenPillar8" parent="HillBridge" index="15" instance=ExtResource("40_obujn")]
transform = Transform3D(0.39942, 0, -1.95971, 0, 8, 0, 1.95971, 0, 0.39942, 10.7349, 1.05694, -11.2321)

[node name="WoodenPillar9" parent="HillBridge" index="16" instance=ExtResource("40_obujn")]
transform = Transform3D(0.39942, 0, -1.95971, 0, 8, 0, 1.95971, 0, 0.39942, 24.9005, 5.00368, -6.99608)

[node name="WoodenPillar10" parent="HillBridge" index="17" instance=ExtResource("40_obujn")]
transform = Transform3D(0.39942, 0, -1.95971, 0, 8, 0, 1.95971, 0, 0.39942, 23.5066, 5.00368, -13.8351)

[node name="WoodenPillar11" parent="HillBridge" index="18" instance=ExtResource("40_obujn")]
transform = Transform3D(0.59913, 0, -2.93957, 0, 15, 0, 2.93957, 0, 0.59913, 56.4286, -5.26614, -13.422)

[node name="WoodenPillar12" parent="HillBridge" index="19" instance=ExtResource("40_obujn")]
transform = Transform3D(0.59913, 0, -2.93957, 0, 15, 0, 2.93957, 0, 0.59913, 55.0347, -5.26614, -20.2611)

[node name="WoodenPillar13" parent="HillBridge" index="20" instance=ExtResource("40_obujn")]
transform = Transform3D(0.59913, 0, -2.93957, 0, 15, 0, 2.93957, 0, 0.59913, 68.2329, -5.26614, -15.8279)

[node name="WoodenPillar14" parent="HillBridge" index="21" instance=ExtResource("40_obujn")]
transform = Transform3D(0.59913, 0, -2.93957, 0, 15, 0, 2.93957, 0, 0.59913, 66.839, -5.26614, -22.667)

[node name="CanionBridge" type="Node3D" parent="." index="15"]

[node name="wooden_pillar" parent="CanionBridge" index="0" instance=ExtResource("4_w7cg1")]
transform = Transform3D(0.990466, 0, 0.137756, 0, 2.24391, 0, -0.137756, 0, 0.990466, -6.73886, -13.8524, -61.9337)

[node name="wooden_pillar2" parent="CanionBridge" index="1" instance=ExtResource("4_w7cg1")]
transform = Transform3D(0.990466, 0, 0.137756, 0, 2.47896, 0, -0.137756, 0, 0.990466, -7.50833, -15.652, -68.7195)

[node name="wooden_pillar7" parent="CanionBridge" index="2" instance=ExtResource("4_w7cg1")]
transform = Transform3D(0.903544, -1.00112, 0.143227, 0.411336, 2.25862, -0.0258935, -0.12004, 0.204045, 0.989351, 0.0443354, -14.4883, -70.3196)

[node name="wooden_pillar8" parent="CanionBridge" index="3" instance=ExtResource("4_w7cg1")]
transform = Transform3D(0.903545, -1.00112, 0.143227, 0.411336, 2.25862, -0.0258935, -0.12004, 0.204045, 0.989351, 1.39139, -14.4883, -63.7104)

[node name="wooden_pillar3" parent="CanionBridge" index="4" instance=ExtResource("4_w7cg1")]
transform = Transform3D(0.990467, 0, 0.137756, 0, 1.57256, 0, -0.137756, 0, 0.990467, -19.6301, -13.3043, -69.513)

[node name="wooden_pillar4" parent="CanionBridge" index="5" instance=ExtResource("4_w7cg1")]
transform = Transform3D(0.990466, 0, 0.137756, 0, 1.8, 0, -0.137756, 0, 0.990466, -18.167, -15.2699, -57.6516)

[node name="wooden_pillar5" parent="CanionBridge" index="6" instance=ExtResource("4_w7cg1")]
transform = Transform3D(0.689444, 1.27293, 0.156705, -0.720298, 1.24593, 0.0453425, -0.0764028, -0.259444, 0.986604, -27.5107, -11.0617, -55.8163)

[node name="wooden_pillar6" parent="CanionBridge" index="7" instance=ExtResource("4_w7cg1")]
transform = Transform3D(0.689444, 1.27293, 0.156705, -0.720298, 1.24593, 0.0453425, -0.0764028, -0.259444, 0.986604, -29.8916, -11.0617, -67.4981)

[node name="WoodenBridge" parent="CanionBridge" index="8" instance=ExtResource("39_pgcb2")]
transform = Transform3D(0.104032, 0.234608, -0.956502, 0.00396357, 0.970913, 0.239341, 0.590899, -0.0478169, 0.166793, 2.73021, -0.323305, -67.0898)

[node name="WoodenBridge2" parent="CanionBridge" index="9" instance=ExtResource("39_pgcb2")]
transform = Transform3D(0.19971, 0, -0.979855, 0, 1, 0, 0.979855, 0, 0.19971, -27.9507, -2.2176, -61.5117)

[node name="Water" type="MeshInstance3D" parent="." index="16"]
transform = Transform3D(800, 0, 0, 0, 800, 0, 0, 0, 800, 0, -319, 0)
material_override = ExtResource("40_tqvxf")
mesh = SubResource("PlaneMesh_pgcb2")

[node name="BrushTemplate" type="Node3D" parent="." index="17"]
transform = Transform3D(-5.92058e-07, 0, -1, 0, 1, 0, 1, 0, -5.92058e-07, 0, 0, 0)
script = ExtResource("42_u8rub")
brushSize = 10.0
brushDensity = 20
paintableObjects = Array[PackedScene]([ExtResource("7_e0rd0"), ExtResource("9_08abp"), ExtResource("10_hbnb1"), ExtResource("13_v1pjo"), ExtResource("37_a8o0p"), ExtResource("12_6shoj"), ExtResource("13_0npag"), ExtResource("14_l45x7"), ExtResource("15_ie14x"), ExtResource("16_oxnaw"), ExtResource("17_kfcen"), ExtResource("18_uf1la"), ExtResource("19_ic1si"), ExtResource("20_sesbr"), ExtResource("21_a8o0p"), ExtResource("22_pgcb2"), ExtResource("23_obujn"), ExtResource("24_tqvxf"), ExtResource("25_u8rub"), ExtResource("24_uf1la"), ExtResource("12_siero"), ExtResource("28_a8o0p"), ExtResource("27_sesbr"), ExtResource("16_yjdcy"), ExtResource("32_obujn"), ExtResource("25_ic1si"), ExtResource("29_pgcb2"), ExtResource("22_yjdcy"), ExtResource("33_tqvxf"), ExtResource("38_pgcb2"), ExtResource("23_kfcen")])
randomRotMax = Vector3(0, 3, 0)
metadata/_custom_type_script = "uid://csde1218ubj0b"

[node name="ObjectBrush2" type="Node3D" parent="." index="18"]
transform = Transform3D(-5.92058e-07, 0, -1, 0, 1, 0, 1, 0, -5.92058e-07, 0, 0, 0)
script = ExtResource("42_u8rub")
brushSize = 10.0
brushDensity = 20
paintableObjects = Array[PackedScene]([ExtResource("7_e0rd0"), ExtResource("9_08abp"), ExtResource("10_hbnb1"), ExtResource("13_v1pjo"), ExtResource("37_a8o0p"), ExtResource("12_6shoj"), ExtResource("13_0npag"), ExtResource("14_l45x7"), ExtResource("15_ie14x"), ExtResource("16_oxnaw"), ExtResource("17_kfcen"), ExtResource("18_uf1la"), ExtResource("19_ic1si"), ExtResource("20_sesbr"), ExtResource("21_a8o0p"), ExtResource("22_pgcb2"), ExtResource("23_obujn"), ExtResource("24_tqvxf"), ExtResource("25_u8rub"), ExtResource("24_uf1la"), ExtResource("12_siero"), ExtResource("28_a8o0p"), ExtResource("27_sesbr"), ExtResource("16_yjdcy"), ExtResource("32_obujn"), ExtResource("25_ic1si"), ExtResource("29_pgcb2"), ExtResource("22_yjdcy"), ExtResource("33_tqvxf"), ExtResource("38_pgcb2"), ExtResource("23_kfcen")])
randomRotMax = Vector3(0, 3, 0)
metadata/_custom_type_script = "uid://csde1218ubj0b"

[node name="ObjectBrush2_1748805588_489" type="Node3D" parent="ObjectBrush2" index="2" instance=ExtResource("25_ic1si")]
transform = Transform3D(4.47035e-08, 0.374225, 0.927338, -0.539106, 0.781039, -0.315186, -0.842238, -0.499933, 0.201747, -74.1124, 3.19397, 69.6444)

[node name="ObjectBrush2_1748805588_49" type="Node3D" parent="ObjectBrush2" index="3" instance=ExtResource("16_yjdcy")]
transform = Transform3D(0, 0.273277, 0.961935, -0.510975, 0.826875, -0.234908, -0.859595, -0.491525, 0.139638, -70.0265, 6.35495, 75.2146)

[node name="ObjectBrush2_1748805588_50" type="Node3D" parent="ObjectBrush2" index="4" instance=ExtResource("10_hbnb1")]
transform = Transform3D(4.47035e-08, 0.272974, 0.962021, -0.463497, 0.852446, -0.241881, -0.886098, -0.445894, 0.126522, -72.9577, 3.35192, 71.3499)

[node name="ObjectBrush2_1748805588_51" type="Node3D" parent="ObjectBrush2" index="5" instance=ExtResource("16_oxnaw")]
transform = Transform3D(2.98023e-08, 0.390985, 0.920397, -0.585574, 0.746091, -0.31694, -0.810619, -0.538961, 0.228951, -75.8809, 4.84089, 70.7095)

[node name="ObjectBrush2_1748805588_52" type="Node3D" parent="ObjectBrush2" index="6" instance=ExtResource("21_a8o0p")]
transform = Transform3D(-0.224813, 0.458381, 0.859852, -0.520472, 0.68952, -0.503658, -0.823752, -0.560758, 0.0835622, -65.5719, 4.38122, 76.7083)

[node name="ObjectBrush2_1748805589_106" type="Node3D" parent="ObjectBrush2" index="7" instance=ExtResource("29_pgcb2")]
transform = Transform3D(-2.23517e-08, 0.110421, 0.993885, -0.438191, 0.893385, -0.0992554, -0.898882, -0.435511, 0.0483854, -55.2222, 5.83565, 90.7743)

[node name="ObjectBrush2_1748805589_107" type="Node3D" parent="ObjectBrush2" index="8" instance=ExtResource("18_uf1la")]
transform = Transform3D(-0.207743, 0.450163, 0.868445, -0.46499, 0.735644, -0.492557, -0.860597, -0.506143, 0.0564964, -59.4229, 3.61662, 83.7362)

[node name="ObjectBrush2_1748805589_108" type="Node3D" parent="ObjectBrush2" index="9" instance=ExtResource("13_v1pjo")]
transform = Transform3D(-0.205909, 0.464561, 0.861269, -0.459086, 0.731404, -0.504269, -0.8642, -0.49923, 0.062671, -58.8728, 5.29492, 85.7169)

[node name="ObjectBrush2_1748805589_109" type="Node3D" parent="ObjectBrush2" index="10" instance=ExtResource("37_a8o0p")]
transform = Transform3D(-0.268625, 0.532112, 0.802931, -0.478669, 0.64962, -0.590652, -0.835893, -0.543002, 0.080201, -62.2838, 5.52696, 83.378)

[node name="ObjectBrush2_1748805589_110" type="Node3D" parent="ObjectBrush2" index="11" instance=ExtResource("13_v1pjo")]
transform = Transform3D(-0.206918, 0.456806, 0.865167, -0.462333, 0.733681, -0.497956, -0.862226, -0.503031, 0.0593851, -58.5727, 4.60749, 85.5232)

[node name="ObjectBrush2_1748805589_111" type="Node3D" parent="ObjectBrush2" index="12" instance=ExtResource("20_sesbr")]
transform = Transform3D(-0.226471, 0.442514, 0.867694, -0.525918, 0.694264, -0.491333, -0.81983, -0.567608, 0.0754951, -61.4021, 3.63632, 80.8683)

[node name="ObjectBrush2_1748805589_112" type="Node3D" parent="ObjectBrush2" index="13" instance=ExtResource("17_kfcen")]
transform = Transform3D(-0.225035, 0.456344, 0.860877, -0.521201, 0.690125, -0.502072, -0.823231, -0.561674, 0.0825448, -60.0068, 3.25171, 82.2116)

[node name="ObjectBrush2_1748805589_113" type="Node3D" parent="ObjectBrush2" index="14" instance=ExtResource("22_pgcb2")]
transform = Transform3D(-0.240903, 0.497245, 0.833495, -0.573773, 0.619678, -0.535522, -0.782784, -0.607246, 0.136023, -65.1099, 6.23579, 80.9279)

[node name="ObjectBrush2_1748805589_114" type="Node3D" parent="ObjectBrush2" index="15" instance=ExtResource("22_yjdcy")]
transform = Transform3D(-0.207217, 0.406875, 0.88967, -0.463298, 0.760151, -0.45555, -0.861636, -0.50658, 0.0309879, -56.0243, 2.23462, 83.9267)

[node name="ObjectBrush2_1748805589_507" type="Node3D" parent="ObjectBrush2" index="16" instance=ExtResource("23_obujn")]
transform = Transform3D(4.47035e-08, 0.154752, 0.987953, -0.454395, 0.880069, -0.137853, -0.8908, -0.448921, 0.0703186, -52.5835, 5.38947, 92.2394)

[node name="ObjectBrush2_1748805589_508" type="Node3D" parent="ObjectBrush2" index="17" instance=ExtResource("37_a8o0p")]
transform = Transform3D(7.45058e-09, 0.144242, 0.989542, -0.500157, 0.856879, -0.124904, -0.865935, -0.494926, 0.0721436, -57.7588, 6.90542, 91.6045)

[node name="ObjectBrush2_1748805589_509" type="Node3D" parent="ObjectBrush2" index="18" instance=ExtResource("22_yjdcy")]
transform = Transform3D(0.0177072, 0.0323031, 0.999321, -0.370268, 0.928629, -0.0234571, -0.928756, -0.369602, 0.0284042, -53.4933, 5.31422, 90.1121)

[node name="ObjectBrush2_1748805589_510" type="Node3D" parent="ObjectBrush2" index="19" instance=ExtResource("25_ic1si")]
transform = Transform3D(-1.49012e-08, 0.0722134, 0.997389, -0.380247, 0.92247, -0.0667891, -0.924885, -0.379254, 0.0274589, -51.8193, 5.25397, 92.3744)

[node name="ObjectBrush2_1748805589_511" type="Node3D" parent="ObjectBrush2" index="20" instance=ExtResource("13_0npag")]
transform = Transform3D(2.98023e-08, 0.18337, 0.983044, -0.511516, 0.844704, -0.157565, -0.859274, -0.502843, 0.093797, -52.9732, 6.35805, 93.9376)

[node name="ObjectBrush2_1748805589_513" type="Node3D" parent="ObjectBrush2" index="21" instance=ExtResource("12_6shoj")]
transform = Transform3D(-0.199454, 0.400737, 0.894219, -0.438387, 0.779649, -0.447174, -0.876376, -0.481205, 0.0201739, -55.8153, 4.08319, 87.2657)

[node name="ObjectBrush2_1748805589_74" type="Node3D" parent="ObjectBrush2" index="22" instance=ExtResource("18_uf1la")]
transform = Transform3D(-5.96046e-08, 0.0893711, 0.995998, -0.374264, 0.923611, -0.0828758, -0.927322, -0.372766, 0.0334484, -50.9401, 3.7576, 88.8184)

[node name="ObjectBrush2_1748805589_75" type="Node3D" parent="ObjectBrush2" index="23" instance=ExtResource("16_oxnaw")]
transform = Transform3D(-2.98023e-08, 0.0363479, 0.999339, -0.348358, 0.936742, -0.0340711, -0.937361, -0.348128, 0.012662, -45.069, 2.63386, 91.0845)

[node name="ObjectBrush2_1748805589_76" type="Node3D" parent="ObjectBrush2" index="24" instance=ExtResource("16_yjdcy")]
transform = Transform3D(-1.02445e-08, 0.0302149, 0.999543, -0.348873, 0.936742, -0.0283165, -0.93717, -0.348714, 0.0105411, -45.613, 4.7829, 92.6436)

[node name="ObjectBrush2_1748805589_78" type="Node3D" parent="ObjectBrush2" index="25" instance=ExtResource("19_ic1si")]
transform = Transform3D(-4.47035e-08, 0.037901, 0.999282, -0.346372, 0.937423, -0.0355548, -0.938097, -0.346123, 0.0131278, -48.9215, 3.85551, 89.9709)

[node name="ObjectBrush2_1748805589_79" type="Node3D" parent="ObjectBrush2" index="26" instance=ExtResource("16_oxnaw")]
transform = Transform3D(-5.96046e-08, 0.0284965, 0.999594, -0.349, 0.936742, -0.0267047, -0.937123, -0.348858, 0.00994518, -44.0418, 3.04665, 91.2066)

[node name="ObjectBrush2_1748805589_80" type="Node3D" parent="ObjectBrush2" index="27" instance=ExtResource("22_pgcb2")]
transform = Transform3D(-4.47035e-08, 0.0299165, 0.999552, -0.348896, 0.936742, -0.0280366, -0.937162, -0.34874, 0.0104377, -45.4612, 4.38729, 92.61)

[node name="ObjectBrush2_1748805589_81" type="Node3D" parent="ObjectBrush2" index="28" instance=ExtResource("10_hbnb1")]
transform = Transform3D(-2.98023e-08, 0.0218849, 0.99976, -0.349419, 0.936742, -0.0205054, -0.936966, -0.349336, 0.00764698, -38.6824, 3.0471, 93.2123)

[node name="ObjectBrush2_1748805589_82" type="Node3D" parent="ObjectBrush2" index="29" instance=ExtResource("16_oxnaw")]
transform = Transform3D(1.49012e-08, -0.026468, 0.99965, -0.311278, 0.949986, 0.025153, -0.950319, -0.311169, -0.00823888, -45.8891, 6.03208, 97.023)

[node name="ObjectBrush2_1748805589_83" type="Node3D" parent="ObjectBrush2" index="30" instance=ExtResource("7_e0rd0")]
transform = Transform3D(0, 0.0854076, 0.996346, -0.377883, 0.92247, -0.0790749, -0.925853, -0.376503, 0.0322741, -48.1392, 5.08413, 93.6624)

[node name="ObjectBrush2_1748805589_84" type="Node3D" parent="ObjectBrush2" index="31" instance=ExtResource("32_obujn")]
transform = Transform3D(-4.47035e-08, 0.103299, 0.99465, -0.287429, 0.952678, -0.0989397, -0.957802, -0.285892, 0.029691, -50.8227, 6.0758, 94.0956)

[node name="ObjectBrush2_1748805590_509" type="Node3D" parent="ObjectBrush2" index="32" instance=ExtResource("37_a8o0p")]
transform = Transform3D(-5.96046e-08, 0.0923316, 0.995728, -0.371071, 0.924638, -0.0857396, -0.928604, -0.369486, 0.0342615, -54.1899, 2.08704, 84.2721)

[node name="ObjectBrush2_1748805590_510" type="Node3D" parent="ObjectBrush2" index="33" instance=ExtResource("33_tqvxf")]
transform = Transform3D(0, 0.0503137, 0.998734, -0.295501, 0.954132, -0.0480668, -0.955342, -0.295127, 0.0148678, -54.0756, 0.993014, 80.237)

[node name="ObjectBrush2_1748805590_511" type="Node3D" parent="ObjectBrush2" index="34" instance=ExtResource("18_uf1la")]
transform = Transform3D(-0.193358, 0.379458, 0.904778, -0.418953, 0.801946, -0.425865, -0.887182, -0.461404, 0.00391196, -56.2127, 0.320953, 80.3663)

[node name="ObjectBrush2_1748805590_51" type="Node3D" parent="ObjectBrush2" index="35" instance=ExtResource("23_kfcen")]
transform = Transform3D(0, 0.098516, 0.995135, -0.369684, 0.924638, -0.0915369, -0.929158, -0.367885, 0.0364198, -55.6435, 3.16929, 85.014)

[node name="ObjectBrush2_1748805590_52" type="Node3D" parent="ObjectBrush2" index="36" instance=ExtResource("23_obujn")]
transform = Transform3D(0, 0.0258613, 0.999666, -0.347346, 0.937423, -0.0242511, -0.937737, -0.34723, 0.00898285, -50.7913, 1.59059, 84.6945)

[node name="ObjectBrush2_1748805590_53" type="Node3D" parent="ObjectBrush2" index="37" instance=ExtResource("25_u8rub")]
transform = Transform3D(2.98023e-08, 0.0892742, 0.996007, -0.374284, 0.923611, -0.0827852, -0.927314, -0.37279, 0.0334139, -52.005, 1.99087, 84.8181)

[node name="ObjectBrush2_1748805590_892" type="Node3D" parent="ObjectBrush2" index="38" instance=ExtResource("23_kfcen")]
transform = Transform3D(-7.07805e-08, 0.118033, 0.99301, -0.380089, 0.918484, -0.109174, -0.92495, -0.377432, 0.0448629, -62.2514, 1.86574, 76.6276)

[node name="ObjectBrush2_1748805590_893" type="Node3D" parent="ObjectBrush2" index="39" instance=ExtResource("23_obujn")]
transform = Transform3D(0, 0.169293, 0.985566, -0.425703, 0.891802, -0.153187, -0.904863, -0.419558, 0.0720687, -64.1896, 1.92646, 75.6476)

[node name="ObjectBrush2_1748805590_894" type="Node3D" parent="ObjectBrush2" index="40" instance=ExtResource("22_yjdcy")]
transform = Transform3D(3.1665e-08, 0.107497, 0.994205, -0.30322, 0.947399, -0.102436, -0.952921, -0.301463, 0.0325953, -62.176, 1.08011, 74.175)

[node name="ObjectBrush2_1748805590_895" type="Node3D" parent="ObjectBrush2" index="41" instance=ExtResource("29_pgcb2")]
transform = Transform3D(-2.6077e-08, 0.119268, 0.992862, -0.379754, 0.918484, -0.110333, -0.925087, -0.377043, 0.0452925, -61.839, 1.70803, 76.4444)

[node name="ObjectBrush2_1748805590_896" type="Node3D" parent="ObjectBrush2" index="42" instance=ExtResource("10_hbnb1")]
transform = Transform3D(-1.49012e-08, 0.100912, 0.994895, -0.305289, 0.947399, -0.0960944, -0.95226, -0.303731, 0.0308073, -64.7299, 1.64064, 74.5567)

[node name="ObjectBrush2_1748805590_897" type="Node3D" parent="ObjectBrush2" index="43" instance=ExtResource("13_v1pjo")]
transform = Transform3D(-3.35276e-08, 0.108221, 0.994127, -0.302983, 0.947399, -0.103134, -0.952996, -0.301204, 0.0327892, -62.7277, 1.58858, 75.6021)

[node name="ObjectBrush2_1748805590_898" type="Node3D" parent="ObjectBrush2" index="44" instance=ExtResource("9_08abp")]
transform = Transform3D(0.973811, 0.222843, 0.0450908, -0.227359, 0.954468, 0.19313, -3.35276e-08, -0.198324, 0.980136, -71.9933, 1.33843, 65.7369)

[node name="ObjectBrush2_1748805590_899" type="Node3D" parent="ObjectBrush2" index="45" instance=ExtResource("33_tqvxf")]
transform = Transform3D(-7.45058e-09, 0.236015, 0.971749, -0.491238, 0.846418, -0.205575, -0.871025, -0.477361, 0.11594, -67.9461, 3.312, 75.8947)

[node name="ObjectBrush2_1748805591_243" type="Node3D" parent="ObjectBrush2" index="46" instance=ExtResource("12_6shoj")]
transform = Transform3D(0.76566, 0.461899, 0.447677, -0.629254, 0.682214, 0.372322, -0.133436, -0.566774, 0.812996, -74.2318, 6.16533, 67.1195)

[node name="ObjectBrush2_1748805591_244" type="Node3D" parent="ObjectBrush2" index="47" instance=ExtResource("7_e0rd0")]
transform = Transform3D(0.633851, 0.649161, 0.420503, -0.765526, 0.604185, 0.221203, -0.110465, -0.462115, 0.879913, -79.9943, 7.27655, 59.2172)

[node name="ObjectBrush2_1748805591_245" type="Node3D" parent="ObjectBrush2" index="48" instance=ExtResource("29_pgcb2")]
transform = Transform3D(0.736104, 0.547821, 0.397548, -0.664601, 0.69628, 0.271109, -0.128285, -0.463775, 0.876616, -77.6565, 6.0964, 61.8177)

[node name="ObjectBrush2_1748805591_246" type="Node3D" parent="ObjectBrush2" index="49" instance=ExtResource("20_sesbr")]
transform = Transform3D(0.72067, 0.528287, 0.44894, -0.681806, 0.657387, 0.320908, -0.125596, -0.537359, 0.833949, -76.6299, 6.58273, 64.4517)

[node name="ObjectBrush2_1748805591_509" type="Node3D" parent="ObjectBrush2" index="50" instance=ExtResource("19_ic1si")]
transform = Transform3D(0.638925, 0.636153, 0.432533, -0.761168, 0.604185, 0.235762, -0.111349, -0.479864, 0.870248, -79.5703, 7.47561, 60.5545)

[node name="ObjectBrush2_1748805591_510" type="Node3D" parent="ObjectBrush2" index="51" instance=ExtResource("13_v1pjo")]
transform = Transform3D(0.643848, 0.55899, 0.522485, -0.756881, 0.565421, 0.327764, -0.112207, -0.606489, 0.787134, -78.2675, 7.75382, 63.7421)

[node name="ObjectBrush2_1748805591_513" type="Node3D" parent="ObjectBrush2" index="52" instance=ExtResource("16_yjdcy")]
transform = Transform3D(0.633457, 0.600151, 0.488418, -0.765862, 0.576346, 0.285097, -0.110396, -0.554657, 0.824723, -84.2422, 8.16548, 52.3816)

[node name="ObjectBrush2_1748805591_514" type="Node3D" parent="ObjectBrush2" index="53" instance=ExtResource("24_tqvxf")]
transform = Transform3D(0.638308, 0.589045, 0.49557, -0.761701, 0.576346, 0.296035, -0.111242, -0.566437, 0.816562, -82.7047, 7.01311, 53.3782)

[node name="ObjectBrush2_1748805591_515" type="Node3D" parent="ObjectBrush2" index="54" instance=ExtResource("24_uf1la")]
transform = Transform3D(0.641301, 0.630182, 0.437727, -0.759106, 0.604185, 0.242318, -0.111763, -0.48768, 0.865839, -79.8471, 7.18116, 59.3721)

[node name="ObjectBrush2_1748805591_516" type="Node3D" parent="ObjectBrush2" index="55" instance=ExtResource("16_oxnaw")]
transform = Transform3D(0.636235, 0.593764, 0.492594, -0.763486, 0.576346, 0.291402, -0.110881, -0.561488, 0.820022, -82.7294, 6.67177, 52.8653)

[node name="ObjectBrush2_1748805591_517" type="Node3D" parent="ObjectBrush2" index="56" instance=ExtResource("38_pgcb2")]
transform = Transform3D(0.710918, 0.578336, 0.400155, -0.692276, 0.675716, 0.253304, -0.123896, -0.457096, 0.880746, -78.7256, 6.36848, 60.2139)

[node name="ObjectBrush2_1748805591_725" type="Node3D" parent="ObjectBrush2" index="57" instance=ExtResource("29_pgcb2")]
transform = Transform3D(0.28874, 0.948085, -0.133283, -0.956084, 0.278216, -0.0921877, -0.0503204, 0.154048, 0.986781, -79.5647, 6.6774, 57.9405)

[node name="ObjectBrush2_1748805591_726" type="Node3D" parent="ObjectBrush2" index="58" instance=ExtResource("28_a8o0p")]
transform = Transform3D(-0.283756, 0.868414, 0.40662, -0.957621, -0.278507, -0.0734611, 0.0494519, -0.410232, 0.910639, -79.5051, 6.82443, 57.6794)

[node name="ObjectBrush2_1748805591_727" type="Node3D" parent="ObjectBrush2" index="59" instance=ExtResource("12_6shoj")]
transform = Transform3D(0.633755, 0.599461, 0.488877, -0.765608, 0.576346, 0.28578, -0.110448, -0.555402, 0.824215, -85.4896, 7.39399, 49.2171)

[node name="ObjectBrush2_1748805592_260" type="Node3D" parent="ObjectBrush2" index="60" instance=ExtResource("16_oxnaw")]
transform = Transform3D(-0.1037, -0.401636, 0.90991, -0.796982, 0.580869, 0.165566, -0.595035, -0.708012, -0.380333, -89.5868, 9.00707, 39.2256)

[node name="ObjectBrush2_1748805592_262" type="Node3D" parent="ObjectBrush2" index="61" instance=ExtResource("16_yjdcy")]
transform = Transform3D(0.594427, 0.614046, 0.519234, -0.797449, 0.533302, 0.282249, -0.103594, -0.581839, 0.80668, -91.792, 8.60659, 40.0975)

[node name="ObjectBrush2_1748805593_142" type="Node3D" parent="ObjectBrush2" index="62" instance=ExtResource("23_obujn")]
transform = Transform3D(0.817048, 0.493695, 0.297823, -0.558711, 0.805504, 0.197501, -0.142392, -0.327764, 0.933968, -77.3112, 4.70275, 59.1359)

[node name="ObjectBrush2_1748805593_143" type="Node3D" parent="ObjectBrush2" index="63" instance=ExtResource("37_a8o0p")]
transform = Transform3D(0.799107, 0.506062, 0.324545, -0.584836, 0.77942, 0.224659, -0.139265, -0.369331, 0.918803, -79.6066, 4.92577, 54.5565)

[node name="ObjectBrush2_1748805593_144" type="Node3D" parent="ObjectBrush2" index="64" instance=ExtResource("22_yjdcy")]
transform = Transform3D(0.805573, 0.488593, 0.335155, -0.575623, 0.77942, 0.24731, -0.140392, -0.392149, 0.909125, -79.0019, 4.54757, 54.7524)

[node name="ObjectBrush2_1748805593_145" type="Node3D" parent="ObjectBrush2" index="65" instance=ExtResource("24_tqvxf")]
transform = Transform3D(0.803466, 0.494232, 0.331929, -0.578649, 0.77942, 0.240145, -0.140025, -0.385019, 0.912225, -77.8452, 3.98582, 55.6167)

[node name="ObjectBrush2_1748805593_147" type="Node3D" parent="ObjectBrush2" index="66" instance=ExtResource("20_sesbr")]
transform = Transform3D(0.800654, 0.501836, 0.327282, -0.582651, 0.77942, 0.230264, -0.139535, -0.375053, 0.916442, -79.4389, 5.16886, 55.6633)

[node name="ObjectBrush2_1748805593_149" type="Node3D" parent="ObjectBrush2" index="67" instance=ExtResource("28_a8o0p")]
transform = Transform3D(0.801972, 0.49826, 0.329511, -0.580781, 0.77942, 0.234943, -0.139765, -0.379791, 0.914453, -77.3784, 4.29357, 57.5822)

[node name="ObjectBrush2_1748805593_150" type="Node3D" parent="ObjectBrush2" index="68" instance=ExtResource("27_sesbr")]
transform = Transform3D(0.879681, 0.433633, 0.195254, -0.475565, 0.802117, 0.361173, -1.49012e-08, -0.410573, 0.911828, -73.6559, 7.39173, 68.028)

[node name="ObjectBrush2_1748805593_151" type="Node3D" parent="ObjectBrush2" index="69" instance=ExtResource("15_ie14x")]
transform = Transform3D(0.729287, 0.509213, 0.456993, -0.672299, 0.657387, 0.340376, -0.127097, -0.555468, 0.821768, -75.1369, 5.37315, 64.7794)

[node name="ObjectBrush2_1748805593_376" type="Node3D" parent="ObjectBrush2" index="70" instance=ExtResource("9_08abp")]
transform = Transform3D(0.727186, 0.513825, 0.455177, -0.674641, 0.657387, 0.33571, -0.126731, -0.551204, 0.82469, -75.3627, 5.81428, 65.133)

[node name="ObjectBrush2_1748805593_377" type="Node3D" parent="ObjectBrush2" index="71" instance=ExtResource("19_ic1si")]
transform = Transform3D(1.49012e-08, 0.382005, 0.92416, -0.590117, 0.746091, -0.308399, -0.807318, -0.545363, 0.225428, -74.05, 5.26054, 73.537)

[node name="ObjectBrush2_1748805593_378" type="Node3D" parent="ObjectBrush2" index="72" instance=ExtResource("10_hbnb1")]
transform = Transform3D(0.711025, 0.578069, 0.400348, -0.692162, 0.675716, 0.253615, -0.123915, -0.457433, 0.880569, -78.0987, 5.59391, 59.8792)

[node name="ObjectBrush2_1748805593_379" type="Node3D" parent="ObjectBrush2" index="73" instance=ExtResource("21_a8o0p")]
transform = Transform3D(0.775944, 0.439935, 0.45207, -0.616136, 0.682214, 0.393649, -0.135229, -0.583987, 0.80042, -74.2602, 5.07086, 65.4542)

[node name="ObjectBrush2_1748805593_380" type="Node3D" parent="ObjectBrush2" index="74" instance=ExtResource("13_v1pjo")]
transform = Transform3D(0.852116, 0.416382, 0.317058, -0.501843, 0.821983, 0.269255, -0.148503, -0.388549, 0.909383, -74.6526, 4.51658, 63.9168)

